9E-ABE	0.0	220.0	28.0166666667
9E-ALB	0.0	101.0	26.5612244898
9E-ALO	0.0	83.0	24.9454225352
9E-ATL	9.0	300.0	29.6346077523
9E-ATW	0.0	191.0	27.1418621701
9E-AUS	0.0	104.0	24.8117349092
9E-AVL	0.0	168.0	26.9431345354
9E-AVP	0.0	107.0	28.3857651246
9E-AZO	0.0	152.0	26.1521843495
9E-BDL	0.0	132.0	27.6462765957
9E-BGM	0.0	157.0	25.5905567301
9E-BGR	0.0	209.0	29.3146067416
9E-BHM	0.0	161.0	26.6122728831
9E-BIL	12.0	101.0	27.975
9E-BIS	0.0	93.0	21.568329718
9E-BJI	0.0	99.0	20.07960199
9E-BNA	0.0	158.0	27.5842269111
9E-BOS	0.0	187.0	31.7038785835
9E-BTR	0.0	62.0	18.9142040038
9E-BTV	0.0	163.0	30.5719101124
9E-BUF	0.0	110.0	27.6976190476
9E-BWI	0.0	150.0	27.2772727273
9E-BZN	0.0	85.0	36.1875
9E-CAE	0.0	100.0	23.9241280115
9E-CAK	0.0	138.0	28.0137755102
9E-CHA	0.0	77.0	20.5576171875
9E-CHS	0.0	122.0	26.1676727029
9E-CID	0.0	109.0	27.0742747848
9E-CLE	0.0	154.0	29.4548080891
9E-CLT	0.0	314.0	27.2808641975
9E-CMH	0.0	165.0	24.3540009359
9E-CMX	0.0	72.0	24.1581632653
9E-COS	14.0	83.0	27.7165354331
9E-CPR	0.0	109.0	28.7457264957
9E-CRW	13.0	134.0	25.9077669903
9E-CVG	0.0	190.0	29.1384735202
9E-CWA	0.0	123.0	24.8094079481
9E-DAY	0.0	157.0	27.3665960826
9E-DCA	0.0	255.0	25.2508187773
9E-DEN	0.0	100.0	29.3939130435
9E-DFW	0.0	112.0	26.6688014639
9E-DLH	0.0	142.0	27.9101604278
9E-DSM	0.0	139.0	25.1217027216
9E-DTW	0.0	193.0	26.9475461173
9E-EAU	0.0	52.0	21.5416666667
9E-ELM	0.0	134.0	25.3487261146
9E-ERI	0.0	156.0	24.6564748201
9E-EVV	0.0	139.0	23.6092146097
9E-EWR	18.0	113.0	45.0326086957
9E-FAR	0.0	170.0	22.9915198956
9E-FCA	0.0	139.0	33.01953125
9E-FLL	0.0	140.0	31.0857142857
9E-FNT	0.0	116.0	23.5966057441
9E-FSD	0.0	90.0	23.7274107821
9E-FSM	0.0	131.0	19.473965287
9E-FWA	0.0	140.0	27.200071582
9E-GFK	0.0	98.0	20.8583218707
9E-GLH	15.0	23.0	19.0
9E-GPT	0.0	122.0	18.8483577918
9E-GRB	0.0	117.0	24.9806122449
9E-GRR	0.0	241.0	26.5433091286
9E-GSO	0.0	167.0	27.5063632858
9E-GSP	0.0	127.0	23.7668939864
9E-GTF	0.0	111.0	25.0592105263
9E-HLN	0.0	94.0	28.0639777469
9E-HOU	11.0	138.0	27.3771152297
9E-HPN	0.0	263.0	31.6524675325
9E-HSV	0.0	132.0	23.2530798072
9E-IAD	0.0	163.0	33.5596330275
9E-IAH	0.0	282.0	28.8995173322
9E-ICT	0.0	135.0	23.6893561104
9E-IDA	0.0	101.0	27.6448326055
9E-IND	0.0	168.0	25.9328673365
9E-INL	0.0	104.0	19.1591695502
9E-ITH	14.0	97.0	33.9338842975
9E-JAN	0.0	156.0	23.7412702777
9E-JAX	0.0	211.0	22.2109634551
9E-LAN	0.0	96.0	27.0673015873
9E-LEX	0.0	176.0	25.4140005469
9E-LGA	0.0	281.0	38.643608627
9E-LIT	0.0	117.0	27.9892395983
9E-LNK	0.0	129.0	23.0209224917
9E-LSE	0.0	119.0	21.164983165
9E-MBS	0.0	133.0	24.8338983051
9E-MCI	0.0	213.0	25.7951995826
9E-MCO	23.0	23.0	23.0
9E-MDT	0.0	122.0	29.555808656
9E-MDW	16.0	91.0	29.296875
9E-MEM	0.0	230.0	24.9411017642
9E-MGM	0.0	98.0	20.4007490637
9E-MHT	0.0	79.0	28.1103896104
9E-MIA	20.0	35.0	24.7647058824
9E-MKE	13.0	149.0	27.807486631
9E-MLI	0.0	183.0	24.5787813055
9E-MOB	0.0	160.0	18.8961892247
9E-MSN	0.0	151.0	25.6273179557
9E-MSO	25.0	33.0	29.0
9E-MSP	0.0	222.0	26.5820573406
9E-MSY	17.0	51.0	28.6
9E-MYR	0.0	73.0	27.2256097561
9E-OKC	0.0	184.0	26.5452048524
9E-OMA	0.0	140.0	25.528490566
9E-ORD	19.0	93.0	37.9444444444
9E-ORF	0.0	155.0	28.5070729053
9E-PFN	0.0	110.0	18.6538817006
9E-PHL	0.0	220.0	36.638379657
9E-PIA	0.0	102.0	29.3891257996
9E-PIR	14.0	30.0	19.6666666667
9E-PIT	0.0	218.0	27.8478453627
9E-PLN	0.0	108.0	25.4934210526
9E-PNS	0.0	92.0	19.1375977911
9E-PWM	0.0	129.0	28.4226415094
9E-RAP	0.0	73.0	24.1844106464
9E-RDU	0.0	101.0	23.1186075169
9E-RHI	0.0	91.0	17.9186046512
9E-RIC	0.0	176.0	26.0469338815
9E-ROA	0.0	152.0	27.955704698
9E-ROC	0.0	145.0	30.2455261274
9E-RST	0.0	140.0	23.9890965732
9E-RSW	0.0	61.0	26.2585034014
9E-SAT	12.0	94.0	26.9845261122
9E-SAV	0.0	112.0	27.1419429901
9E-SBN	0.0	171.0	27.4667390714
9E-SCE	0.0	109.0	27.0905840286
9E-SDF	0.0	120.0	23.7659325211
9E-SGF	0.0	116.0	22.839234723
9E-SHV	0.0	85.0	20.2320987654
9E-SLC	0.0	83.0	34.6857142857
9E-SRQ	14.0	41.0	24.65625
9E-STL	0.0	190.0	26.4620668124
9E-STX	11.0	61.0	31.387755102
9E-SUX	0.0	210.0	21.5674418605
9E-SWF	0.0	122.0	30.3541813071
9E-SYR	15.0	56.0	36.2075471698
9E-TLH	0.0	93.0	18.5810483871
9E-TPA	17.0	35.0	25.625
9E-TRI	8.0	89.0	20.5909090909
9E-TUL	0.0	181.0	27.2534874452
9E-TVC	0.0	148.0	28.8097014925
9E-TYS	0.0	198.0	24.7606951872
9E-XNA	0.0	168.0	26.1914893617
AA-ABQ	0.0	619.0	23.4335291362
AA-ALB	0.0	1015.0	25.5176880917
AA-AMA	0.0	148.0	21.8422018349
AA-ANC	0.0	73.0	22.3533236994
AA-ATL	0.0	1087.0	29.4228709519
AA-AUS	0.0	1380.0	21.573123346
AA-BDL	0.0	980.0	24.5105337807
AA-BHM	0.0	896.0	23.2874594595
AA-BNA	0.0	946.0	22.4539693434
AA-BOS	0.0	1427.0	26.9307082186
AA-BTR	0.0	83.0	24.1428571429
AA-BUF	0.0	908.0	25.5469026549
AA-BUR	0.0	1010.0	29.8078822504
AA-BWI	0.0	978.0	25.0587225111
AA-CID	0.0	69.0	18.0563380282
AA-CLE	0.0	1046.0	25.1565359068
AA-CLT	0.0	924.0	26.6538820238
AA-CMH	0.0	946.0	22.9585104823
AA-COS	0.0	835.0	26.2796352584
AA-CVG	0.0	938.0	29.2843530592
AA-DAL	0.0	174.0	19.3480370534
AA-DAY	0.0	1047.0	25.5024058873
AA-DCA	0.0	1450.0	23.8648773661
AA-DEN	0.0	932.0	26.039269063
AA-DFW	0.0	1649.0	23.3353229651
AA-DRO	0.0	71.0	25.1525423729
AA-DSM	0.0	620.0	21.0266507558
AA-DTW	0.0	1033.0	27.516107155
AA-EGE	0.0	824.0	34.0376273414
AA-ELP	0.0	754.0	23.2501314268
AA-EWR	0.0	1032.0	32.5248001142
AA-FAT	0.0	978.0	25.5818476499
AA-FLL	0.0	1520.0	26.4762399329
AA-GSO	0.0	884.0	24.5054117647
AA-GUC	0.0	122.0	26.6833910035
AA-HDN	0.0	146.0	30.7109919571
AA-HNL	0.0	1450.0	24.6243087082
AA-HOU	0.0	1289.0	21.7582267478
AA-HPN	0.0	987.0	26.7098288239
AA-HSV	0.0	837.0	23.3971925134
AA-IAD	0.0	995.0	24.7663579737
AA-IAH	0.0	1003.0	25.6355251614
AA-ICT	0.0	366.0	22.7418245923
AA-IND	0.0	862.0	24.6221664476
AA-ISP	0.0	113.0	30.7777777778
AA-JAC	0.0	635.0	32.1286353468
AA-JAX	0.0	687.0	24.3396226415
AA-JFK	0.0	1590.0	37.0798976615
AA-KOA	0.0	1437.0	19.3109350238
AA-LAS	0.0	1266.0	25.3383209611
AA-LAX	0.0	1450.0	25.6037202786
AA-LGA	0.0	1558.0	33.8310629367
AA-LGB	0.0	1028.0	26.3931593159
AA-LIH	0.0	1430.0	18.6980149691
AA-LIT	0.0	609.0	20.0854461968
AA-MCI	0.0	1011.0	23.2752752379
AA-MCO	0.0	1367.0	22.9579232537
AA-MDT	0.0	915.0	22.0974601299
AA-MDW	0.0	1407.0	28.1690685046
AA-MEM	0.0	441.0	24.694741573
AA-MFE	0.0	899.0	20.2272027703
AA-MIA	0.0	1425.0	26.2617194735
AA-MKE	0.0	187.0	23.3564814815
AA-MLI	0.0	130.0	15.741110418
AA-MSP	0.0	911.0	27.2715782471
AA-MSY	0.0	1348.0	21.1463163318
AA-MTJ	0.0	540.0	28.3242677824
AA-OAK	0.0	901.0	26.4616356877
AA-OGG	0.0	1438.0	19.2707446809
AA-OKC	0.0	1013.0	22.9450490459
AA-OMA	0.0	904.0	23.6780460336
AA-ONT	0.0	827.0	23.7065386611
AA-ORD	0.0	1594.0	25.584637127
AA-ORF	0.0	673.0	23.90103792
AA-PBI	0.0	910.0	23.7088597661
AA-PDX	0.0	1579.0	24.6943398003
AA-PHL	0.0	999.0	31.4406942293
AA-PHX	0.0	1335.0	25.4563639363
AA-PIA	0.0	0.0	0.0
AA-PIT	0.0	980.0	26.8064368517
AA-PSP	0.0	788.0	23.3741439941
AA-PVD	0.0	926.0	26.0792199878
AA-RDU	0.0	1421.0	23.416294202
AA-RIC	0.0	921.0	24.714907398
AA-RNO	0.0	859.0	24.0148299795
AA-ROC	0.0	148.0	23.5724659607
AA-RST	0.0	619.0	20.9895968791
AA-RSW	0.0	849.0	23.0252946955
AA-SAN	0.0	1022.0	26.4924412188
AA-SAT	0.0	951.0	22.3276234509
AA-SDF	0.0	1028.0	22.9543136191
AA-SEA	0.0	1179.0	25.0065314409
AA-SFO	0.0	1249.0	26.5513188348
AA-SGF	0.0	830.0	20.0380536494
AA-SHV	29.0	29.0	29.0
AA-SJC	0.0	1435.0	23.6409487494
AA-SJU	0.0	863.0	23.1171205167
AA-SLC	0.0	984.0	28.5940522938
AA-SMF	0.0	1015.0	24.0411906575
AA-SNA	0.0	970.0	25.2604573539
AA-STL	0.0	1438.0	24.4291645765
AA-STT	0.0	587.0	21.9492203786
AA-STX	0.0	507.0	22.5985790409
AA-SWF	0.0	917.0	21.8901098901
AA-SYR	0.0	932.0	26.0872518286
AA-TPA	0.0	916.0	22.2214959299
AA-TUL	0.0	1402.0	23.4855829653
AA-TUS	0.0	740.0	22.9356279993
AA-TYS	0.0	924.0	24.5617232809
AA-XNA	0.0	680.0	24.0109090909
AQ-HNL	0.0	149.0	13.0539354777
AQ-ITO	0.0	43.0	9.98344462994
AQ-KOA	0.0	73.0	10.3641838633
AQ-LAS	7.0	77.0	17.1130434783
AQ-LIH	0.0	72.0	8.24781632144
AQ-OAK	0.0	312.0	14.6348438187
AQ-OGG	0.0	252.0	9.49314692982
AQ-RNO	0.0	89.0	17.4784482759
AQ-SAN	0.0	78.0	18.2802197802
AQ-SMF	0.0	84.0	16.7709923664
AQ-SNA	0.0	309.0	13.9518909184
AS-ADK	0.0	24.0	9.44732297064
AS-ADQ	0.0	1443.0	9.70839363242
AS-AKN	0.0	37.0	8.78101010101
AS-ANC	0.0	1409.0	16.4765205445
AS-BET	0.0	63.0	10.061206517
AS-BOI	0.0	56.0	18.6985988921
AS-BOS	0.0	185.0	30.4819189971
AS-BRW	0.0	40.0	7.98262776185
AS-BUR	0.0	83.0	18.0876148912
AS-CDV	0.0	80.0	10.5642043493
AS-DCA	0.0	257.0	23.2726500085
AS-DEN	0.0	189.0	21.5771764032
AS-DFW	0.0	198.0	26.493993994
AS-DLG	0.0	31.0	9.02866242038
AS-DUT	0.0	32.0	6.53544776119
AS-EWR	0.0	221.0	36.837187573
AS-FAI	0.0	92.0	14.2690727175
AS-GEG	0.0	145.0	18.738204306
AS-GST	0.0	1443.0	14.5808720113
AS-HNL	13.0	56.0	24.3689458689
AS-IAD	0.0	159.0	24.7428449381
AS-JNU	0.0	111.0	16.4501617581
AS-KOA	11.0	65.0	20.0465116279
AS-KTN	0.0	88.0	15.399283521
AS-LAS	0.0	144.0	23.0259767249
AS-LAX	0.0	153.0	19.7434690402
AS-LGB	0.0	147.0	20.9901911887
AS-LIH	0.0	48.0	19.5269320843
AS-MCO	0.0	128.0	22.6041765543
AS-MIA	0.0	74.0	24.0397539044
AS-MSP	12.0	56.0	23.5923076923
AS-OAK	0.0	136.0	16.7314903956
AS-OGG	8.0	46.0	18.234375
AS-OME	0.0	65.0	9.53218173213
AS-ONT	0.0	95.0	17.19461211
AS-ORD	0.0	251.0	30.1977092282
AS-OTZ	0.0	73.0	9.31946934385
AS-PDX	0.0	142.0	17.6912776067
AS-PHX	0.0	182.0	19.5719123793
AS-PSG	0.0	60.0	9.86479944675
AS-PSP	0.0	125.0	17.2285894648
AS-RNO	0.0	115.0	18.4935021659
AS-SAN	0.0	137.0	20.3335187354
AS-SCC	0.0	49.0	9.63406621178
AS-SEA	0.0	1452.0	21.1475719825
AS-SFO	0.0	132.0	21.0681402692
AS-SIT	0.0	1401.0	15.0422615108
AS-SJC	0.0	1437.0	17.5565123475
AS-SMF	0.0	151.0	17.3749295775
AS-SNA	0.0	1441.0	18.3445485704
AS-TUS	0.0	84.0	17.5965545985
AS-WRG	0.0	50.0	10.1046531742
AS-YAK	0.0	57.0	9.66333045729
B6-ACK	0.0	143.0	22.437007874
B6-ATL	13.0	246.0	22.985267035
B6-AUS	0.0	367.0	22.794094944
B6-BNA	0.0	519.0	25.0624571036
B6-BOS	0.0	308.0	25.8835216206
B6-BQN	0.0	84.0	19.2115488397
B6-BTV	0.0	268.0	22.0635927989
B6-BUF	0.0	308.0	20.5944832819
B6-BUR	0.0	264.0	24.8663876368
B6-CLT	0.0	215.0	31.4583904893
B6-CMH	0.0	166.0	21.9027845628
B6-DEN	0.0	225.0	22.4689061154
B6-EWR	0.0	352.0	32.4562257496
B6-FLL	0.0	272.0	25.0131680451
B6-HOU	0.0	469.0	23.5119965724
B6-HPN	0.0	213.0	23.332885906
B6-IAD	0.0	260.0	25.0851084214
B6-JAX	0.0	219.0	24.0861955086
B6-JFK	0.0	438.0	33.8572634772
B6-LAS	0.0	250.0	25.8610178817
B6-LAX	21.0	32.0	26.5
B6-LGA	0.0	207.0	29.1674200569
B6-LGB	0.0	311.0	20.0953429891
B6-MCO	0.0	360.0	22.7430021565
B6-MSY	0.0	230.0	20.6408961125
B6-OAK	0.0	198.0	19.542358383
B6-ONT	0.0	160.0	21.4826565144
B6-ORD	0.0	249.0	29.9768664564
B6-PBI	0.0	286.0	21.4738614988
B6-PDX	0.0	91.0	21.3743736578
B6-PHX	0.0	141.0	22.0445859873
B6-PIT	0.0	216.0	25.8858267717
B6-PSE	0.0	92.0	21.1667532468
B6-PWM	0.0	231.0	23.810150826
B6-RDU	0.0	217.0	23.4562704471
B6-RIC	0.0	322.0	21.9877214524
B6-ROC	0.0	177.0	21.1650402653
B6-RSW	0.0	560.0	21.6413402548
B6-SAN	0.0	192.0	24.7301714898
B6-SEA	0.0	211.0	23.3449569631
B6-SFO	0.0	161.0	26.1342534504
B6-SJC	0.0	119.0	20.2321016166
B6-SJU	0.0	169.0	24.4377361342
B6-SLC	0.0	113.0	22.5177725118
B6-SMF	0.0	145.0	19.3124735729
B6-SRQ	0.0	138.0	20.8973684211
B6-SWF	0.0	161.0	21.3652350355
B6-SYR	0.0	383.0	23.2533557047
B6-TPA	0.0	255.0	21.4630025663
B6-TUS	0.0	84.0	18.9196581197
CO-ABQ	0.0	183.0	21.3822899946
CO-AGS	13.0	45.0	24.4285714286
CO-AMA	22.0	24.0	23.0
CO-ANC	0.0	146.0	20.9825163909
CO-ATL	0.0	313.0	30.8698288433
CO-AUS	0.0	376.0	24.7919441334
CO-BDL	0.0	221.0	23.2588366268
CO-BHM	0.0	173.0	23.6040967092
CO-BNA	0.0	129.0	20.9624777975
CO-BOS	0.0	336.0	28.9157689077
CO-BQN	0.0	82.0	22.5757705479
CO-BRO	0.0	55.0	16.2103559871
CO-BTR	0.0	177.0	23.8542600897
CO-BTV	21.0	40.0	29.75
CO-BUF	0.0	193.0	21.2029351066
CO-BWI	0.0	231.0	22.2267790262
CO-CHS	0.0	118.0	20.482278481
CO-CLE	0.0	296.0	24.8856644805
CO-CLT	0.0	250.0	27.9843000436
CO-CMH	0.0	233.0	24.0527644136
CO-COS	0.0	98.0	23.8530534351
CO-CRP	0.0	114.0	17.650882825
CO-CVG	0.0	72.0	19.4
CO-DAB	0.0	189.0	27.4328485885
CO-DAY	17.0	17.0	17.0
CO-DCA	0.0	239.0	26.1360073645
CO-DEN	0.0	203.0	25.2640852345
CO-DFW	0.0	317.0	27.0215821103
CO-DTW	0.0	254.0	27.8170561311
CO-EGE	0.0	161.0	33.1841726619
CO-ELP	0.0	174.0	20.0658882402
CO-EWR	0.0	391.0	35.3490451546
CO-FLL	0.0	232.0	27.9000023871
CO-GPT	0.0	165.0	21.2540473225
CO-GSO	0.0	150.0	21.6673220606
CO-GUC	0.0	126.0	23.6428571429
CO-HDN	0.0	117.0	28.4052676296
CO-HNL	0.0	91.0	27.918945487
CO-HOU	0.0	194.0	18.4416543575
CO-IAD	0.0	221.0	27.8468926554
CO-IAH	0.0	391.0	28.4242534382
CO-IND	0.0	236.0	25.6231325301
CO-JAC	0.0	140.0	26.5343915344
CO-JAX	0.0	216.0	23.0042010146
CO-JFK	0.0	288.0	37.7046081971
CO-LAS	0.0	179.0	27.7431303559
CO-LAX	0.0	176.0	25.5317222107
CO-LBB	15.0	15.0	15.0
CO-LFT	0.0	114.0	21.5711340206
CO-LGA	0.0	316.0	33.2492854875
CO-LIT	10.0	36.0	20.75
CO-MAF	12.0	21.0	16.25
CO-MCI	0.0	153.0	21.6499287024
CO-MCO	0.0	240.0	24.8492378683
CO-MDW	0.0	223.0	29.0829319099
CO-MEM	0.0	127.0	26.4201680672
CO-MFE	0.0	207.0	18.7325384507
CO-MHT	0.0	184.0	23.9433497537
CO-MIA	0.0	263.0	26.3526616283
CO-MKE	0.0	96.0	19.7959770115
CO-MSP	0.0	226.0	28.7956822519
CO-MSY	0.0	302.0	20.1385388501
CO-MTJ	0.0	117.0	23.8447937132
CO-MYR	0.0	185.0	23.8904856293
CO-OAK	0.0	130.0	22.9291111416
CO-OGG	0.0	72.0	20.3271028037
CO-OKC	0.0	188.0	21.3750564164
CO-OMA	0.0	245.0	24.3166009322
CO-ONT	0.0	139.0	20.5455541855
CO-ORD	0.0	297.0	31.431713916
CO-ORF	0.0	129.0	20.8282402529
CO-PBI	0.0	220.0	24.7707144682
CO-PDX	0.0	151.0	22.449256934
CO-PHL	0.0	260.0	29.271622091
CO-PHX	0.0	194.0	23.7143596457
CO-PIT	0.0	246.0	25.9401265617
CO-PNS	0.0	79.0	16.7971896956
CO-PSE	0.0	56.0	23.5536912752
CO-PSP	10.0	67.0	18.7314285714
CO-PVD	0.0	135.0	20.992415793
CO-PWM	10.0	92.0	25.2950819672
CO-RDU	0.0	245.0	23.8605926818
CO-RIC	0.0	94.0	21.3926325247
CO-RNO	0.0	101.0	21.7680398845
CO-ROC	0.0	72.0	24.687150838
CO-RSW	0.0	272.0	22.7860241219
CO-SAN	0.0	158.0	24.5233634006
CO-SAT	0.0	415.0	21.3347460174
CO-SAV	0.0	143.0	28.3190661479
CO-SDF	0.0	88.0	19.7739130435
CO-SEA	0.0	189.0	23.1535815581
CO-SFO	0.0	215.0	24.7110779618
CO-SJC	0.0	214.0	23.2198817443
CO-SJU	0.0	212.0	26.0126866578
CO-SLC	0.0	172.0	26.1802078413
CO-SMF	0.0	108.0	21.2759306621
CO-SNA	0.0	262.0	24.2443265267
CO-SRQ	0.0	190.0	22.7262404345
CO-STL	0.0	208.0	27.0905580906
CO-STT	0.0	127.0	25.9978517723
CO-TPA	0.0	269.0	23.596789521
CO-TUL	0.0	174.0	20.9039016435
CO-TUS	0.0	178.0	19.9202014037
CO-XNA	13.0	24.0	20.0
DH-ABE	0.0	205.0	17.1944444444
DH-ACY	0.0	74.0	14.8043956044
DH-ALB	0.0	192.0	21.7424215247
DH-ATL	0.0	160.0	24.4038768529
DH-ATW	0.0	307.0	16.2611420613
DH-AUS	0.0	93.0	23.7540983607
DH-AVL	0.0	97.0	12.7325581395
DH-AVP	0.0	195.0	24.7372634643
DH-AZO	0.0	128.0	14.884006462
DH-BDL	0.0	176.0	20.704396452
DH-BGM	0.0	122.0	13.9161603888
DH-BGR	0.0	80.0	14.3339640492
DH-BHM	0.0	155.0	26.5702781845
DH-BMI	0.0	134.0	23.8874074074
DH-BNA	0.0	184.0	19.8841625522
DH-BOS	0.0	570.0	22.1459916461
DH-BTV	0.0	259.0	20.2696487238
DH-BUF	0.0	187.0	19.7255660648
DH-BWI	0.0	65.0	19.6
DH-CAE	0.0	152.0	17.9758543834
DH-CAK	0.0	144.0	27.4977511244
DH-CHA	0.0	88.0	14.1162790698
DH-CHO	0.0	179.0	11.5725468269
DH-CHS	0.0	169.0	20.0276456217
DH-CID	0.0	140.0	18.7614954878
DH-CLE	0.0	303.0	19.7620093732
DH-CLT	0.0	152.0	23.1589472326
DH-CMH	0.0	162.0	16.7483326795
DH-CMI	0.0	120.0	15.7173489279
DH-COS	0.0	118.0	28.4123376623
DH-CRW	0.0	156.0	15.9687733453
DH-CVG	0.0	543.0	18.1133994363
DH-DAY	0.0	177.0	17.0584154801
DH-DCA	0.0	72.0	22.8854545455
DH-DSM	0.0	106.0	22.4135446686
DH-DTW	0.0	174.0	20.8908797707
DH-ERI	0.0	182.0	17.2970168612
DH-EVV	0.0	71.0	14.4677754678
DH-EWR	0.0	314.0	24.0630947456
DH-FAR	0.0	159.0	26.9501639344
DH-FNT	0.0	73.0	15.5833333333
DH-FSD	0.0	160.0	26.2393340271
DH-FWA	0.0	127.0	18.0513324596
DH-GRB	0.0	55.0	15.8534883721
DH-GRR	0.0	169.0	23.4842041312
DH-GSO	0.0	145.0	18.9409127954
DH-GSP	0.0	149.0	19.1931421314
DH-HPN	0.0	264.0	23.5482280842
DH-HSV	0.0	82.0	16.35581189
DH-IAD	0.0	687.0	22.7557496258
DH-ICT	0.0	178.0	27.0112359551
DH-IND	0.0	175.0	20.9496062992
DH-JAX	0.0	188.0	21.2954010975
DH-JFK	0.0	347.0	27.1976015888
DH-LAN	0.0	163.0	16.9499165275
DH-LAS	0.0	105.0	30.264957265
DH-LAX	16.0	56.0	28.509202454
DH-LEX	0.0	213.0	22.3367231638
DH-LGA	0.0	277.0	25.6389473684
DH-LNK	0.0	194.0	25.9522258415
DH-MBS	0.0	192.0	26.3166322314
DH-MCO	0.0	201.0	20.5772665765
DH-MDT	0.0	199.0	19.8255722178
DH-MDW	0.0	109.0	17.849939976
DH-MEM	0.0	211.0	22.8972895863
DH-MHT	0.0	290.0	22.8265822785
DH-MKE	0.0	108.0	15.8436317781
DH-MLI	0.0	112.0	22.6952949963
DH-MSN	0.0	132.0	14.9121482498
DH-MSY	0.0	93.0	20.7817531306
DH-OKC	0.0	194.0	28.4241364233
DH-ORD	0.0	622.0	25.8965349974
DH-ORF	0.0	936.0	19.6587889627
DH-PBI	0.0	101.0	22.3450980392
DH-PHL	0.0	198.0	20.9452459016
DH-PIA	0.0	139.0	23.1026234568
DH-PIT	0.0	146.0	20.1896460644
DH-PVD	0.0	192.0	23.4427044494
DH-PWM	0.0	245.0	21.7416157502
DH-RDU	0.0	1374.0	17.6634515661
DH-RIC	0.0	94.0	15.5913924051
DH-ROA	0.0	936.0	16.9366557988
DH-ROC	0.0	148.0	18.6552540234
DH-RSW	0.0	128.0	23.9196721311
DH-SAN	15.0	71.0	27.9646464646
DH-SAV	0.0	514.0	21.0046288359
DH-SBN	0.0	810.0	17.3956497797
DH-SCE	0.0	248.0	13.8399014778
DH-SDF	0.0	162.0	18.9046391753
DH-SEA	0.0	40.0	25.2512562814
DH-SFO	0.0	74.0	28.5063829787
DH-SGF	0.0	116.0	21.5010989011
DH-SJC	16.0	40.0	23.2265625
DH-SJU	19.0	84.0	33.25
DH-STL	0.0	171.0	27.7245098039
DH-SWF	0.0	121.0	18.230116649
DH-SYR	0.0	170.0	20.7182483807
DH-TOL	0.0	157.0	14.1544799176
DH-TPA	0.0	126.0	20.0621118012
DH-TRI	0.0	96.0	13.3092998955
DH-TUL	0.0	176.0	29.4088194763
DH-TVC	0.0	73.0	20.9078212291
DH-TYS	0.0	274.0	18.056453588
DH-XNA	0.0	48.0	15.4715025907
DL-ABE	0.0	96.0	18.3570640177
DL-ABQ	0.0	240.0	21.2421942884
DL-AGS	0.0	80.0	20.2670682731
DL-ALB	0.0	192.0	22.9657724329
DL-ANC	0.0	161.0	23.4642035285
DL-ATL	0.0	1489.0	26.4055728419
DL-AUS	0.0	193.0	21.4395400221
DL-BDL	0.0	256.0	23.1096513391
DL-BHM	0.0	160.0	22.5892257223
DL-BIL	0.0	182.0	18.3354487761
DL-BNA	0.0	190.0	24.8023370709
DL-BOI	0.0	105.0	19.1066763425
DL-BOS	0.0	270.0	26.2206007081
DL-BTR	0.0	146.0	19.7987724682
DL-BUF	0.0	184.0	23.4164832477
DL-BUR	0.0	51.0	24.2917647059
DL-BWI	0.0	284.0	24.668479275
DL-BZN	0.0	139.0	18.5470016207
DL-CAE	0.0	136.0	22.915573528
DL-CAK	0.0	96.0	23.2596685083
DL-CHS	0.0	144.0	23.0306795132
DL-CLE	0.0	190.0	23.5530074315
DL-CLT	0.0	273.0	29.2422488826
DL-CMH	0.0	283.0	21.1011580127
DL-COS	0.0	195.0	24.4265644955
DL-CVG	0.0	384.0	23.9090233092
DL-DAB	0.0	137.0	22.3757089613
DL-DAY	0.0	177.0	23.9568559205
DL-DCA	0.0	265.0	23.8001936898
DL-DEN	0.0	337.0	24.4305631433
DL-DFW	0.0	318.0	27.943774957
DL-DTW	0.0	249.0	26.5539362634
DL-EGE	0.0	144.0	28.330942623
DL-ELP	0.0	146.0	21.5187520743
DL-EWR	0.0	302.0	30.5505122576
DL-FAI	0.0	81.0	20.5517241379
DL-FAY	13.0	34.0	21.0697674419
DL-FCA	0.0	60.0	16.4706796117
DL-FLL	0.0	237.0	27.2145319313
DL-GEG	0.0	137.0	18.9519674857
DL-GPT	0.0	108.0	23.0997340426
DL-GRR	0.0	112.0	19.8658764816
DL-GSO	0.0	190.0	24.4777697669
DL-GSP	0.0	173.0	23.7952549052
DL-GTF	0.0	96.0	15.5193770373
DL-GUC	0.0	62.0	24.9519230769
DL-HDN	0.0	138.0	24.2201834862
DL-HLN	0.0	113.0	14.8593919653
DL-HNL	0.0	144.0	25.7725373134
DL-HOU	0.0	215.0	21.8922000767
DL-HSV	0.0	180.0	23.3530770652
DL-IAD	0.0	272.0	25.8653443803
DL-IAH	0.0	196.0	26.1555781522
DL-ICT	0.0	77.0	25.7088607595
DL-IND	0.0	214.0	23.8190806674
DL-ISP	0.0	146.0	19.9937128886
DL-JAC	0.0	111.0	21.6179819395
DL-JAN	0.0	142.0	20.1006002898
DL-JAX	0.0	274.0	23.9597696083
DL-JFK	0.0	430.0	42.2421187956
DL-KOA	0.0	54.0	22.1825
DL-LAS	0.0	266.0	25.7129534982
DL-LAX	0.0	259.0	26.7478975724
DL-LEX	0.0	204.0	20.5720369056
DL-LGA	0.0	302.0	32.3138372254
DL-LIH	6.0	53.0	23.8404255319
DL-LIT	0.0	143.0	21.1626965592
DL-MCI	0.0	212.0	23.0171824452
DL-MCO	0.0	1441.0	23.7295758406
DL-MDT	0.0	62.0	17.857538036
DL-MDW	0.0	220.0	26.7535168196
DL-MEM	0.0	156.0	24.0954469117
DL-MGM	0.0	59.0	18.0665993946
DL-MHT	0.0	219.0	24.0982035928
DL-MIA	0.0	208.0	27.2409487768
DL-MKE	0.0	155.0	22.7418371142
DL-MLB	0.0	233.0	21.880201091
DL-MLU	0.0	111.0	16.4842018876
DL-MOB	0.0	171.0	19.8391287129
DL-MSO	0.0	66.0	15.3729032258
DL-MSP	0.0	567.0	27.3924438108
DL-MSY	0.0	233.0	22.1925440615
DL-MTJ	0.0	71.0	29.3023255814
DL-MYR	0.0	51.0	20.904040404
DL-OAK	0.0	142.0	22.1336179832
DL-OGG	0.0	74.0	19.125762023
DL-OKC	0.0	201.0	20.6232604374
DL-OMA	0.0	123.0	21.6351970669
DL-ONT	0.0	169.0	22.028660221
DL-ORD	0.0	1441.0	28.6198538891
DL-ORF	0.0	171.0	22.158840343
DL-PBI	0.0	191.0	23.6346425191
DL-PDX	0.0	279.0	20.9308391099
DL-PHF	0.0	137.0	22.5718789407
DL-PHL	0.0	296.0	32.9501644883
DL-PHX	0.0	271.0	26.0049503633
DL-PIT	0.0	160.0	25.9832952173
DL-PNS	0.0	181.0	21.7813122314
DL-PSC	0.0	114.0	15.5603079555
DL-PSP	0.0	63.0	19.435464415
DL-PVD	0.0	191.0	23.1175556706
DL-PWM	0.0	223.0	21.5366185679
DL-RDU	0.0	235.0	23.5162073437
DL-RIC	0.0	1532.0	22.4545743762
DL-RNO	0.0	181.0	21.097752809
DL-ROC	0.0	141.0	22.1199505359
DL-RSW	0.0	1442.0	23.944545043
DL-SAN	0.0	212.0	24.8703237456
DL-SAT	0.0	233.0	21.5660823543
DL-SAV	0.0	164.0	22.4407101069
DL-SBN	0.0	43.0	17.1272727273
DL-SDF	0.0	213.0	21.373533819
DL-SEA	0.0	273.0	25.1263780701
DL-SFO	0.0	300.0	26.3154388486
DL-SHV	0.0	132.0	17.5281042412
DL-SJC	0.0	452.0	21.4894838902
DL-SJU	0.0	235.0	26.5431519156
DL-SLC	0.0	603.0	26.369828173
DL-SMF	0.0	421.0	20.4755818647
DL-SNA	0.0	230.0	24.3592485667
DL-SRQ	0.0	209.0	21.23807448
DL-STL	0.0	180.0	24.610940272
DL-STT	0.0	409.0	25.2435300207
DL-STX	0.0	70.0	23.036199095
DL-SYR	0.0	199.0	22.818044164
DL-TLH	0.0	205.0	20.7861410724
DL-TPA	0.0	248.0	22.8877588929
DL-TUL	0.0	108.0	20.7767534571
DL-TUS	0.0	161.0	20.5729521715
DL-TYS	0.0	1447.0	23.7835930339
DL-VPS	0.0	126.0	22.8936170213
EV-ABE	0.0	1501.0	33.8277945619
EV-ABI	17.0	1451.0	380.25
EV-ABQ	0.0	38.0	17.347826087
EV-ABY	0.0	1454.0	18.2813520985
EV-ACY	0.0	143.0	24.4105691057
EV-AEX	0.0	1475.0	23.9992090693
EV-AGS	0.0	1570.0	21.1137217447
EV-ALB	0.0	1468.0	26.6442257897
EV-AMA	0.0	89.0	15.8662391205
EV-APF	0.0	1457.0	22.6708860759
EV-ATL	0.0	1704.0	53.4303801611
EV-ATW	0.0	1472.0	22.7007191201
EV-AUS	0.0	1574.0	35.8351291705
EV-AVL	0.0	1472.0	20.4044064877
EV-AVP	0.0	1496.0	27.8189655172
EV-AZO	0.0	161.0	19.7141104294
EV-BDL	0.0	76.0	21.9513888889
EV-BGM	0.0	87.0	25.4165261383
EV-BGR	0.0	94.0	22.5160320641
EV-BHM	0.0	1454.0	21.9796632408
EV-BIL	0.0	54.0	14.0590809628
EV-BMI	0.0	115.0	25.1429088278
EV-BNA	0.0	1501.0	26.9759839893
EV-BOI	0.0	48.0	16.5300207039
EV-BOS	0.0	147.0	29.355754858
EV-BPT	0.0	107.0	15.0558712121
EV-BQK	0.0	1466.0	18.7587852495
EV-BTR	0.0	1488.0	21.1142031081
EV-BTV	0.0	99.0	27.1584625759
EV-BUF	0.0	1691.0	27.040827436
EV-BWI	0.0	1553.0	41.0948081264
EV-BZN	0.0	1485.0	23.4023323615
EV-CAE	0.0	1500.0	23.9385738832
EV-CAK	0.0	1468.0	24.5873411086
EV-CHA	0.0	1473.0	19.5746657603
EV-CHO	0.0	1465.0	19.4404173531
EV-CHS	0.0	143.0	20.432145305
EV-CID	0.0	1451.0	28.4828571429
EV-CLE	0.0	1508.0	27.5602773826
EV-CLT	0.0	1499.0	28.8433968356
EV-CMH	9.0	141.0	22.4649681529
EV-CMI	0.0	75.0	23.9780701754
EV-CRP	0.0	1493.0	25.0453969976
EV-CRW	0.0	1476.0	22.8313018539
EV-CSG	0.0	1465.0	17.8234894773
EV-CVG	0.0	1709.0	63.025898485
EV-DAB	0.0	1453.0	21.7492236025
EV-DAL	0.0	83.0	21.9143518519
EV-DAY	0.0	1465.0	22.1584856397
EV-DCA	0.0	1471.0	22.5235032162
EV-DEN	0.0	1469.0	23.5890596745
EV-DFW	0.0	1701.0	39.263168321
EV-DHN	0.0	1497.0	18.5343062926
EV-DSM	0.0	1473.0	23.7709104367
EV-DTW	0.0	1516.0	35.6795969773
EV-ELP	0.0	1460.0	21.0229956495
EV-ERI	0.0	97.0	20.2317241379
EV-EVV	0.0	1575.0	22.45404814
EV-EWN	0.0	135.0	20.4521044993
EV-EWR	0.0	144.0	32.5292368682
EV-EYW	0.0	1465.0	20.8446676971
EV-FAY	0.0	1470.0	21.027775206
EV-FCA	0.0	45.0	16.1836734694
EV-FLL	0.0	153.0	22.6368821293
EV-FLO	0.0	1451.0	18.4582012678
EV-FNT	0.0	1476.0	23.2821371611
EV-FSD	0.0	76.0	22.6555772994
EV-FSM	0.0	113.0	23.7771203156
EV-FWA	0.0	1524.0	25.12874684
EV-GEG	0.0	60.0	16.9354066986
EV-GNV	0.0	1525.0	19.796390343
EV-GPT	0.0	1510.0	24.4664653528
EV-GRB	0.0	58.0	19.0118694362
EV-GRK	0.0	149.0	24.5797453002
EV-GRR	0.0	1483.0	25.187320604
EV-GSO	0.0	1492.0	31.7614530777
EV-GSP	0.0	1496.0	23.4835936381
EV-GTR	0.0	1488.0	21.4045587843
EV-HDN	0.0	40.0	16.112244898
EV-HHH	0.0	104.0	22.1598658468
EV-HKY	0.0	130.0	17.1944444444
EV-HOU	0.0	1512.0	23.4937310852
EV-HPN	0.0	1583.0	28.2567443286
EV-HSV	0.0	1516.0	22.6977515367
EV-HTS	0.0	73.0	16.2871287129
EV-IAD	0.0	1505.0	35.3667023555
EV-IAH	0.0	1629.0	26.6306853583
EV-ICT	0.0	1473.0	25.1895109712
EV-ILE	0.0	39.0	14.871007371
EV-ILG	0.0	130.0	24.0862745098
EV-ILM	0.0	1487.0	22.2934419203
EV-IND	0.0	167.0	23.1739750446
EV-ISO	0.0	1460.0	21.9588944011
EV-ISP	0.0	1528.0	25.2906482465
EV-JAC	0.0	92.0	16.2972222222
EV-JAN	0.0	1500.0	22.7775237747
EV-JAX	0.0	1465.0	24.9929873773
EV-JFK	0.0	1500.0	33.2067771457
EV-LAN	0.0	1454.0	20.7600585223
EV-LAS	0.0	1477.0	27.8182451253
EV-LAW	8.0	116.0	22.6138059701
EV-LAX	0.0	1460.0	23.943107221
EV-LBB	0.0	1452.0	17.9725913621
EV-LEX	0.0	1480.0	20.9543291024
EV-LFT	0.0	1463.0	22.7616363111
EV-LGA	0.0	1558.0	73.9078817734
EV-LIT	0.0	1516.0	25.2166348185
EV-LWB	0.0	1454.0	21.2895927602
EV-LYH	0.0	130.0	17.2368281938
EV-MAF	0.0	54.0	13.7272727273
EV-MCI	0.0	117.0	20.7384286732
EV-MCN	0.0	1455.0	20.7129707113
EV-MCO	0.0	1465.0	21.0189431705
EV-MDT	0.0	1470.0	23.148556045
EV-MDW	0.0	1549.0	31.1501996008
EV-MEI	0.0	1460.0	22.5208566406
EV-MEM	0.0	1468.0	24.771754386
EV-MFE	0.0	84.0	23.7439807384
EV-MGM	0.0	1475.0	21.3646762755
EV-MHT	0.0	1486.0	25.1125359853
EV-MIA	11.0	158.0	22.140969163
EV-MKE	0.0	1482.0	25.75417816
EV-MLB	0.0	1495.0	23.028054151
EV-MLI	0.0	1472.0	25.1786576533
EV-MLU	0.0	1471.0	21.3743074082
EV-MOB	0.0	1469.0	21.4465594463
EV-MSN	0.0	1465.0	25.171915333
EV-MSO	0.0	72.0	12.8566176471
EV-MSP	0.0	1491.0	32.59589169
EV-MSY	0.0	1493.0	25.0018643673
EV-MTH	0.0	107.0	27.625
EV-MYR	0.0	1479.0	22.1976546943
EV-OAJ	0.0	128.0	21.6999140155
EV-OAK	0.0	1460.0	23.9819938516
EV-OKC	0.0	1466.0	21.103219697
EV-OMA	0.0	1472.0	25.760402926
EV-ONT	0.0	1459.0	22.2877466728
EV-ORD	0.0	1495.0	28.4683406114
EV-ORF	0.0	1468.0	22.0336626418
EV-PBI	0.0	62.0	19.3074433657
EV-PDX	0.0	46.0	16.457925636
EV-PFN	0.0	1479.0	20.6303587856
EV-PHF	0.0	1507.0	24.0940991781
EV-PHL	0.0	158.0	31.8984168865
EV-PHX	0.0	169.0	23.1246020919
EV-PIA	0.0	1476.0	25.1080121704
EV-PIH	1454.0	1454.0	1454.0
EV-PIT	0.0	1476.0	25.0487404162
EV-PNS	0.0	1464.0	18.333703939
EV-PSC	0.0	68.0	17.3012048193
EV-PSP	0.0	54.0	15.6294277929
EV-PVD	0.0	1464.0	26.3711311199
EV-PVU	17.0	17.0	17.0
EV-PWM	0.0	1488.0	25.3756756757
EV-RAP	8.0	36.0	16.88
EV-RDU	0.0	1526.0	24.3638177586
EV-RIC	0.0	1475.0	22.0747223157
EV-RNO	0.0	1456.0	18.4795539033
EV-ROA	0.0	1493.0	23.1843431635
EV-ROC	0.0	1473.0	27.3368055556
EV-RSW	10.0	28.0	17.0
EV-SAN	0.0	1460.0	24.056768559
EV-SAT	0.0	1496.0	27.4766050054
EV-SAV	0.0	1453.0	21.6271393643
EV-SBN	0.0	1468.0	21.7624890447
EV-SCE	0.0	89.0	26.263322884
EV-SDF	0.0	1458.0	22.01185111
EV-SEA	0.0	62.0	20.5109489051
EV-SFO	0.0	101.0	26.5673854447
EV-SGF	0.0	1453.0	24.7208858343
EV-SHV	0.0	1485.0	23.0746597278
EV-SJC	0.0	1445.0	23.1101694915
EV-SLC	0.0	1528.0	43.4589573383
EV-SMF	0.0	1471.0	23.1348205626
EV-SNA	0.0	680.0	28.2411021814
EV-SOP	0.0	78.0	21.8652037618
EV-SRQ	0.0	1457.0	23.5888697153
EV-STL	0.0	1537.0	29.0229456756
EV-SWF	0.0	136.0	25.7000915751
EV-SYR	0.0	177.0	24.0530319496
EV-TLH	0.0	1477.0	21.9041116447
EV-TOL	0.0	1466.0	22.4094837137
EV-TPA	0.0	1456.0	17.1644287397
EV-TRI	0.0	1477.0	20.5990442279
EV-TUL	0.0	1520.0	21.5731707317
EV-TUP	0.0	194.0	18.1278538813
EV-TUS	0.0	1462.0	22.4392712551
EV-TVC	3.0	66.0	22.7319587629
EV-TXK	0.0	39.0	13.125
EV-TYR	16.0	16.0	16.0
EV-TYS	0.0	1485.0	24.1340195882
EV-VLD	0.0	1485.0	18.2872048325
EV-VPS	0.0	1480.0	21.8176104879
EV-XNA	0.0	1483.0	26.826045324
F9-ABQ	0.0	157.0	18.1111531191
F9-ANC	0.0	74.0	18.1031331593
F9-ATL	0.0	150.0	25.859270787
F9-AUS	0.0	136.0	18.8787562059
F9-BDL	0.0	56.0	22.0154142582
F9-BNA	0.0	160.0	20.4279535009
F9-BOI	14.0	105.0	22.4317673378
F9-BTR	17.0	17.0	17.0
F9-BWI	0.0	161.0	23.5402985075
F9-BZN	18.0	18.0	18.0
F9-CAK	0.0	159.0	19.5531669866
F9-CLT	20.0	20.0	20.0
F9-DAY	0.0	93.0	20.3252858958
F9-DCA	0.0	170.0	25.0293659044
F9-DEN	0.0	249.0	20.4988233028
F9-DFW	0.0	245.0	23.1898584906
F9-DTW	0.0	144.0	24.4082457559
F9-ELP	17.0	21.0	19.3333333333
F9-FAT	0.0	85.0	17.0696202532
F9-FLL	0.0	208.0	24.4155701754
F9-GEG	11.0	106.0	19.6487603306
F9-IAH	0.0	121.0	23.1390967027
F9-IND	0.0	156.0	20.3258978363
F9-JAC	12.0	35.0	21.0
F9-JAX	0.0	66.0	21.9969879518
F9-LAS	0.0	127.0	23.6358599291
F9-LAX	0.0	111.0	20.1083246618
F9-LGA	0.0	253.0	35.3221893491
F9-MCI	0.0	143.0	19.1667346661
F9-MCO	0.0	149.0	23.1483050847
F9-MDW	0.0	229.0	22.6037989829
F9-MEM	0.0	77.0	22.870212766
F9-MKE	0.0	144.0	21.5959158416
F9-MSP	0.0	163.0	25.3727982163
F9-MSY	0.0	40.0	15.522875817
F9-OKC	0.0	51.0	17.4560906516
F9-OMA	0.0	107.0	20.6335270725
F9-PBI	12.0	75.0	20.9290780142
F9-PDX	0.0	98.0	19.0891265597
F9-PHL	0.0	276.0	35.4827044025
F9-PHX	0.0	151.0	21.5535669898
F9-RNO	0.0	58.0	17.4090407938
F9-RSW	0.0	156.0	22.5933528837
F9-SAN	0.0	154.0	22.0643117163
F9-SAT	0.0	59.0	17.2836831415
F9-SDF	0.0	101.0	21.7221052632
F9-SEA	0.0	146.0	21.9365342163
F9-SFO	0.0	112.0	23.1850707239
F9-SJC	0.0	123.0	20.0597701149
F9-SLC	0.0	187.0	23.6958741548
F9-SMF	0.0	109.0	18.4796142043
F9-SNA	0.0	182.0	22.1429818817
F9-STL	0.0	184.0	21.4236530293
F9-TPA	0.0	131.0	22.4224904701
F9-TUL	0.0	32.0	17.2631578947
F9-TUS	0.0	92.0	18.1237373737
FL-ATL	0.0	969.0	23.9832457948
FL-BMI	0.0	253.0	19.8397819439
FL-BOS	0.0	1398.0	25.1318495813
FL-BTV	10.0	84.0	18.1516853933
FL-BUF	0.0	165.0	22.3300536673
FL-BWI	0.0	226.0	20.5106936905
FL-CAK	0.0	192.0	20.2754326815
FL-CHS	0.0	126.0	20.379258517
FL-CLT	0.0	210.0	25.2775080165
FL-CMH	10.0	58.0	20.5545023697
FL-DAB	0.0	78.0	20.094017094
FL-DAY	0.0	155.0	20.0239443555
FL-DCA	0.0	207.0	24.8907160308
FL-DEN	0.0	208.0	23.4520252801
FL-DFW	0.0	335.0	25.1533905318
FL-DTW	0.0	204.0	21.9732600275
FL-EWR	0.0	402.0	33.5302644964
FL-FLL	0.0	210.0	23.5141345924
FL-FNT	0.0	186.0	18.789912691
FL-GPT	0.0	150.0	17.4273127753
FL-GSO	0.0	109.0	22.8158319871
FL-HOU	0.0	215.0	20.7418039896
FL-HPN	0.0	290.0	22.5693836978
FL-IAD	0.0	253.0	25.0433701228
FL-ICT	0.0	158.0	21.2025838866
FL-IND	0.0	178.0	20.2099913227
FL-JAX	0.0	162.0	20.7822057461
FL-LAS	0.0	214.0	24.6274409044
FL-LAX	0.0	129.0	20.9129525552
FL-LGA	0.0	300.0	32.2597720128
FL-MCI	0.0	159.0	21.2728838583
FL-MCO	0.0	209.0	20.6605716712
FL-MDT	12.0	37.0	21.4761904762
FL-MDW	0.0	229.0	21.7251139362
FL-MEM	0.0	220.0	22.421650609
FL-MIA	0.0	196.0	25.6315414376
FL-MKE	0.0	875.0	21.9211054301
FL-MLI	0.0	191.0	20.6047714861
FL-MSP	0.0	280.0	23.8105566219
FL-MSY	0.0	187.0	19.8907544213
FL-MYR	0.0	221.0	19.9325313808
FL-PBI	0.0	138.0	20.9421067766
FL-PHF	0.0	200.0	20.3152082358
FL-PHL	0.0	239.0	28.6212803811
FL-PHX	0.0	69.0	21.0744101633
FL-PIT	0.0	172.0	23.3356452618
FL-PNS	0.0	188.0	19.1863161964
FL-PWM	0.0	202.0	19.4257206208
FL-RDU	0.0	165.0	21.3367327304
FL-RIC	0.0	191.0	20.9616058197
FL-ROC	0.0	179.0	20.7081409478
FL-RSW	0.0	186.0	19.7812867372
FL-SAN	0.0	92.0	23.6746478873
FL-SAT	7.0	100.0	24.1786786787
FL-SAV	0.0	114.0	20.1945701357
FL-SEA	0.0	104.0	24.2514757969
FL-SFO	0.0	236.0	25.2766554433
FL-SJU	7.0	75.0	21.4696969697
FL-SRQ	0.0	775.0	19.1150282486
FL-STL	0.0	216.0	23.0083697234
FL-SWF	0.0	201.0	20.6608207646
FL-TLH	0.0	71.0	16.6425120773
FL-TPA	0.0	306.0	19.9013659425
HA-ANC	13.0	21.0	17.0
HA-HNL	0.0	1435.0	16.3826302846
HA-ITO	0.0	1444.0	11.9135263784
HA-KOA	0.0	1403.0	12.2183612872
HA-LAS	0.0	102.0	24.145258484
HA-LAX	0.0	56.0	18.9243863816
HA-LIH	0.0	1443.0	9.58143022275
HA-LNY	0.0	1441.0	92.5501730104
HA-MKK	0.0	14.0	7.06597222222
HA-OAK	10.0	35.0	19.421875
HA-OGG	0.0	1441.0	12.1320733913
HA-ONT	10.0	38.0	17.8666666667
HA-PDX	0.0	76.0	19.2619047619
HA-PHX	0.0	91.0	23.1833598304
HA-PIT	12.0	12.0	12.0
HA-SAN	0.0	69.0	20.9057274991
HA-SEA	0.0	102.0	21.4043809993
HA-SFO	0.0	208.0	21.0143160127
HA-SJC	0.0	60.0	18.8933669186
HA-SMF	0.0	72.0	17.9627085378
HP-ABQ	0.0	150.0	20.581239531
HP-ANC	0.0	72.0	19.6845386534
HP-ATL	0.0	237.0	27.9889412022
HP-AUS	0.0	149.0	19.8709732694
HP-BDL	0.0	159.0	25.023371457
HP-BOI	0.0	66.0	17.3932907348
HP-BOS	0.0	212.0	28.9089170867
HP-BUR	0.0	147.0	17.5230790685
HP-BWI	0.0	230.0	22.1878838347
HP-CLE	0.0	180.0	23.920702754
HP-CMH	0.0	175.0	18.8764965343
HP-COS	0.0	169.0	21.3051823417
HP-DCA	0.0	1478.0	21.4627868852
HP-DEN	0.0	196.0	20.2021536671
HP-DFW	0.0	226.0	20.2923539232
HP-DSM	0.0	73.0	18.0016528926
HP-DTW	0.0	242.0	23.9302201893
HP-ELP	0.0	103.0	20.0939629219
HP-EWR	0.0	1459.0	32.259857844
HP-FCA	7.0	42.0	15.5316455696
HP-FLL	0.0	132.0	24.2940467583
HP-GEG	0.0	137.0	16.4281616688
HP-HNL	0.0	44.0	25.375
HP-IAD	0.0	289.0	25.7811286951
HP-IAH	0.0	166.0	23.0333229846
HP-ICT	0.0	67.0	17.6983471074
HP-IND	0.0	119.0	23.6999768143
HP-JFK	0.0	337.0	31.627808255
HP-LAS	0.0	1318.0	23.2344478204
HP-LAX	0.0	215.0	18.5736701992
HP-LGA	20.0	36.0	28.0
HP-LGB	0.0	134.0	19.866934239
HP-MCI	0.0	119.0	19.8739637703
HP-MCO	0.0	166.0	20.9016920474
HP-MDW	0.0	43.0	15.7714285714
HP-MIA	0.0	162.0	25.4753208292
HP-MKE	0.0	133.0	22.3566641847
HP-MSP	0.0	212.0	26.0301871604
HP-MSY	0.0	85.0	22.8054226475
HP-OAK	0.0	138.0	17.5862095771
HP-OGG	15.0	37.0	21.1875
HP-OMA	0.0	205.0	19.1572542308
HP-ONT	0.0	188.0	18.4819359756
HP-ORD	0.0	262.0	24.3245626119
HP-PDX	0.0	80.0	15.9142980562
HP-PHL	0.0	261.0	31.100286533
HP-PHX	0.0	1463.0	22.5831618825
HP-PIT	0.0	90.0	27.0781002639
HP-PSP	0.0	52.0	18.1724137931
HP-RDU	0.0	117.0	22.2666471106
HP-RNO	0.0	138.0	16.0599614926
HP-RSW	0.0	122.0	16.848806366
HP-SAN	0.0	201.0	22.1319907049
HP-SAT	0.0	111.0	20.1429410038
HP-SEA	0.0	193.0	18.0230133753
HP-SFO	0.0	168.0	19.2610008437
HP-SJC	0.0	201.0	18.6394418077
HP-SLC	0.0	155.0	18.5510439349
HP-SMF	0.0	104.0	15.7350680071
HP-SNA	0.0	200.0	18.9428560207
HP-STL	0.0	120.0	22.4838571734
HP-TPA	0.0	150.0	23.5659066232
HP-TUS	0.0	100.0	17.4509217738
MQ-ABI	0.0	356.0	18.8428710546
MQ-ABQ	0.0	562.0	25.9074380165
MQ-ACT	0.0	234.0	20.8487771485
MQ-AEX	0.0	198.0	21.6935101847
MQ-ALB	0.0	1007.0	25.3599383667
MQ-AMA	0.0	948.0	19.0552170195
MQ-ATL	0.0	195.0	29.7840865199
MQ-AUS	0.0	256.0	15.1551889814
MQ-AZO	0.0	953.0	20.0332364341
MQ-BDL	0.0	997.0	19.89213416
MQ-BGR	0.0	1037.0	17.4359650444
MQ-BHM	0.0	156.0	25.6685456595
MQ-BMI	0.0	408.0	20.7185646071
MQ-BNA	0.0	923.0	19.9007129423
MQ-BOI	0.0	752.0	28.8195652174
MQ-BOS	0.0	943.0	23.6018626126
MQ-BPT	0.0	41.0	20.1119791667
MQ-BTR	0.0	935.0	19.5351182932
MQ-BTV	0.0	326.0	22.2266666667
MQ-BUF	0.0	986.0	25.0930949445
MQ-BWI	0.0	1029.0	20.4841170443
MQ-CAE	0.0	524.0	22.2617133352
MQ-CHA	0.0	979.0	20.6631991557
MQ-CHS	0.0	118.0	20.9709989259
MQ-CID	0.0	1006.0	20.3411658382
MQ-CLE	0.0	1018.0	26.1297701706
MQ-CLL	0.0	128.0	20.562692121
MQ-CLT	0.0	929.0	29.9715820845
MQ-CMH	0.0	1090.0	23.4158517856
MQ-CMI	0.0	891.0	21.0287390377
MQ-COS	0.0	209.0	24.6200150489
MQ-CRP	0.0	896.0	18.2006714572
MQ-CVG	0.0	1010.0	25.0048569007
MQ-CWA	7.0	133.0	21.1663893511
MQ-DAL	0.0	162.0	17.4992709245
MQ-DAY	0.0	985.0	25.0858372869
MQ-DBQ	0.0	668.0	19.2047235154
MQ-DCA	0.0	1302.0	22.4258138469
MQ-DFW	0.0	1448.0	21.6246528175
MQ-DLH	0.0	96.0	18.8331099196
MQ-DRO	0.0	607.0	25.406779661
MQ-DSM	0.0	953.0	21.3287797608
MQ-DTW	0.0	662.0	26.4335260116
MQ-ELP	10.0	49.0	21.74
MQ-EVV	0.0	973.0	20.9832821563
MQ-EWR	0.0	845.0	25.2888777806
MQ-EYW	0.0	98.0	19.5378973105
MQ-FAT	0.0	1064.0	17.6534904703
MQ-FLL	0.0	124.0	21.1245980707
MQ-FNT	0.0	220.0	24.0513595166
MQ-FSD	0.0	1004.0	26.7003861004
MQ-FSM	0.0	935.0	19.4841018582
MQ-FWA	0.0	930.0	20.646196209
MQ-GGG	0.0	995.0	20.7757802747
MQ-GJT	7.0	176.0	21.425210084
MQ-GPT	0.0	243.0	20.7280617165
MQ-GRB	0.0	516.0	17.9317343173
MQ-GRK	0.0	193.0	18.0703104618
MQ-GRR	0.0	1088.0	23.9132582669
MQ-GSO	0.0	1010.0	25.4746571988
MQ-GSP	0.0	1031.0	22.9786447896
MQ-HOU	0.0	894.0	21.3876463789
MQ-HPN	0.0	931.0	26.9542231947
MQ-HSV	0.0	929.0	20.941920591
MQ-IAD	0.0	848.0	25.9604400489
MQ-IAH	0.0	1002.0	25.2307268722
MQ-ICT	0.0	918.0	21.3268437652
MQ-ILE	0.0	1044.0	22.1596727369
MQ-IND	0.0	927.0	23.9362461858
MQ-ISP	0.0	118.0	16.7091541136
MQ-JAN	0.0	954.0	20.2710955851
MQ-JAX	0.0	324.0	20.8516445066
MQ-JFK	0.0	648.0	29.6441223533
MQ-LAS	0.0	109.0	26.44170282
MQ-LAW	0.0	1042.0	21.1606728922
MQ-LAX	0.0	1445.0	21.7393720926
MQ-LBB	0.0	990.0	18.5896089879
MQ-LEX	0.0	228.0	22.7603372791
MQ-LFT	0.0	131.0	22.7962283918
MQ-LGA	0.0	1462.0	30.7628672289
MQ-LIT	0.0	1027.0	21.4975203576
MQ-LNK	0.0	141.0	24.2112676056
MQ-LRD	0.0	983.0	18.790740561
MQ-LSE	0.0	703.0	20.7985065782
MQ-MAF	0.0	660.0	18.1323795072
MQ-MAZ	9.0	32.0	18.1333333333
MQ-MCI	0.0	128.0	15.7357342125
MQ-MCO	0.0	1006.0	20.2691662003
MQ-MDT	0.0	905.0	22.4625659808
MQ-MDW	0.0	460.0	26.2506702413
MQ-MEM	0.0	944.0	23.3918807415
MQ-MIA	0.0	877.0	20.3689834574
MQ-MKE	0.0	1002.0	23.8803575521
MQ-MLI	0.0	920.0	20.497249725
MQ-MLU	0.0	102.0	21.7923197492
MQ-MOB	0.0	299.0	18.8893442623
MQ-MQT	0.0	984.0	17.4802728614
MQ-MRY	0.0	1038.0	18.9447575058
MQ-MSN	0.0	1328.0	22.3459423206
MQ-MSP	0.0	405.0	26.8732432432
MQ-MSY	11.0	88.0	26.037037037
MQ-MTJ	0.0	93.0	20.027027027
MQ-OAK	0.0	927.0	21.1174321503
MQ-OKC	0.0	679.0	22.607181595
MQ-OMA	0.0	983.0	24.3324935044
MQ-ORD	0.0	1537.0	22.2962962309
MQ-ORF	0.0	913.0	21.5833748133
MQ-ORH	0.0	429.0	18.7464788732
MQ-PHL	0.0	943.0	24.7652881858
MQ-PHX	0.0	996.0	19.5873015873
MQ-PIA	0.0	265.0	19.8221241941
MQ-PIT	0.0	974.0	23.796592628
MQ-PNS	0.0	137.0	18.8581031308
MQ-PSP	0.0	1001.0	17.0526241535
MQ-PVD	0.0	966.0	22.5446778213
MQ-PWM	0.0	992.0	19.8983127448
MQ-RDU	0.0	1525.0	21.287999395
MQ-RIC	0.0	1013.0	22.6677172122
MQ-ROC	0.0	917.0	25.1151049413
MQ-ROW	0.0	132.0	16.6883445946
MQ-RST	0.0	362.0	19.9808929071
MQ-RSW	0.0	173.0	20.203525641
MQ-SAN	0.0	983.0	18.2493911494
MQ-SAT	0.0	83.0	13.673046252
MQ-SAV	0.0	865.0	22.9649122807
MQ-SBA	0.0	1011.0	18.1343235538
MQ-SBP	0.0	992.0	19.5419869683
MQ-SDF	0.0	938.0	23.6826547104
MQ-SFO	0.0	1414.0	20.1635839131
MQ-SGF	0.0	939.0	21.3866657164
MQ-SHV	0.0	802.0	18.5520099795
MQ-SJC	0.0	1000.0	19.115324849
MQ-SJT	0.0	705.0	19.0106509816
MQ-SJU	0.0	34.0	15.9101123596
MQ-SNA	0.0	808.0	16.517024949
MQ-SPI	7.0	86.0	23.43
MQ-SPS	0.0	948.0	22.4865561932
MQ-STL	0.0	238.0	21.016867171
MQ-STT	0.0	31.0	17.064516129
MQ-STX	20.0	20.0	20.0
MQ-SWF	0.0	1001.0	24.185046729
MQ-SYR	0.0	905.0	24.4930505343
MQ-TLH	7.0	63.0	19.4020618557
MQ-TOL	0.0	952.0	20.5270572234
MQ-TPA	0.0	95.0	19.9535192563
MQ-TUL	0.0	640.0	20.985578213
MQ-TVC	0.0	957.0	18.8250373606
MQ-TXK	0.0	451.0	19.5011814451
MQ-TYR	0.0	151.0	21.2020090014
MQ-TYS	0.0	940.0	23.4091442625
MQ-VPS	0.0	169.0	21.6934375
MQ-XNA	0.0	1302.0	21.0252292879
NW-ABE	0.0	131.0	20.3828539514
NW-ABQ	0.0	163.0	22.6069463549
NW-ALB	0.0	187.0	23.7067931101
NW-ANC	0.0	133.0	24.3536804309
NW-ATL	0.0	250.0	27.4372413457
NW-AUS	0.0	129.0	20.6232523123
NW-AZO	0.0	251.0	21.997753268
NW-BDL	0.0	210.0	24.4431099249
NW-BHM	0.0	177.0	20.2107895677
NW-BIL	0.0	140.0	18.4417050186
NW-BIS	0.0	149.0	16.547300745
NW-BNA	0.0	157.0	21.6747771778
NW-BOI	0.0	134.0	23.5437834708
NW-BOS	0.0	219.0	28.0592781571
NW-BTR	0.0	167.0	18.3363395225
NW-BTV	0.0	61.0	23.4560906516
NW-BUF	0.0	165.0	24.137167372
NW-BWI	0.0	221.0	24.6560880621
NW-BZN	0.0	133.0	21.9958057096
NW-CHS	0.0	54.0	22.1275720165
NW-CID	0.0	210.0	16.7009992314
NW-CLE	0.0	253.0	26.5689927376
NW-CLT	0.0	202.0	26.0958346548
NW-CMH	0.0	215.0	21.6586638831
NW-COS	0.0	171.0	24.3428571429
NW-CVG	0.0	153.0	23.5568445476
NW-DAY	0.0	187.0	21.4415167095
NW-DCA	0.0	221.0	23.7732198887
NW-DEN	0.0	231.0	23.8866116582
NW-DFW	0.0	224.0	25.6187485256
NW-DLH	0.0	193.0	18.0055993601
NW-DSM	0.0	141.0	19.393751842
NW-DTW	0.0	291.0	26.0410398558
NW-EGE	0.0	154.0	28.213570634
NW-EWR	0.0	302.0	28.9792637003
NW-FAI	0.0	79.0	23.0940350877
NW-FAR	0.0	206.0	18.258369209
NW-FCA	0.0	97.0	17.6897249191
NW-FLL	0.0	222.0	27.498244245
NW-FNT	0.0	227.0	23.0606016778
NW-FSD	0.0	185.0	20.1240769231
NW-FWA	0.0	118.0	20.1867043847
NW-GEG	0.0	144.0	22.0092338768
NW-GFK	0.0	142.0	16.3728094195
NW-GPT	0.0	107.0	16.5113880533
NW-GRB	0.0	151.0	21.8509642012
NW-GRR	0.0	184.0	21.0519559022
NW-GSO	0.0	143.0	26.0546368013
NW-GSP	0.0	110.0	22.9950920245
NW-GTF	0.0	92.0	14.7637446162
NW-HDN	0.0	144.0	24.0161662818
NW-HLN	0.0	97.0	13.6810730253
NW-HNL	0.0	146.0	26.9738950633
NW-HOU	0.0	89.0	20.2169230769
NW-HPN	0.0	158.0	23.365281777
NW-IAD	0.0	211.0	26.0304354158
NW-IAH	0.0	207.0	25.2244534912
NW-ICT	0.0	77.0	13.512605042
NW-IND	0.0	166.0	24.1997004493
NW-JAC	0.0	169.0	28.0130813953
NW-JAN	0.0	110.0	16.9157641396
NW-JAX	0.0	132.0	22.7506929861
NW-JFK	0.0	292.0	36.3479809015
NW-KOA	0.0	88.0	21.2765957447
NW-LAN	0.0	177.0	19.8688404915
NW-LAS	0.0	171.0	25.7299824969
NW-LAX	0.0	172.0	24.0558771709
NW-LEX	0.0	100.0	21.2775919732
NW-LGA	0.0	297.0	32.9533947908
NW-LIT	0.0	147.0	19.1170628278
NW-LSE	0.0	115.0	17.0434447301
NW-MBS	0.0	166.0	20.3958373114
NW-MCI	0.0	194.0	21.1399566795
NW-MCO	0.0	201.0	25.4066715619
NW-MDT	0.0	174.0	22.8015901699
NW-MDW	0.0	219.0	24.5485361576
NW-MEM	0.0	199.0	22.6931421231
NW-MHT	0.0	197.0	25.9837869624
NW-MIA	0.0	193.0	24.4726983767
NW-MIB	0.0	33.0	12.6179775281
NW-MKE	0.0	177.0	23.0797052914
NW-MOT	0.0	293.0	17.010271206
NW-MSN	0.0	193.0	22.009672363
NW-MSO	0.0	148.0	20.379005949
NW-MSP	0.0	386.0	25.2829018491
NW-MSY	0.0	162.0	19.5292567211
NW-MYR	0.0	92.0	24.4252696456
NW-OGG	0.0	82.0	19.171641791
NW-OKC	0.0	145.0	17.2636454682
NW-OMA	0.0	208.0	19.4999134599
NW-ONT	0.0	148.0	20.4255261
NW-ORD	0.0	241.0	25.0166988007
NW-ORF	0.0	187.0	22.263250366
NW-PBI	0.0	139.0	24.3364855571
NW-PDX	0.0	190.0	23.3513207996
NW-PHL	0.0	279.0	29.9126496616
NW-PHX	0.0	162.0	26.5309993596
NW-PIT	0.0	192.0	25.4626309983
NW-PLN	19.0	26.0	23.3333333333
NW-PSP	0.0	88.0	20.1294352824
NW-PVD	0.0	217.0	23.2161008195
NW-PWM	0.0	138.0	23.4306472919
NW-RAP	0.0	154.0	17.397621383
NW-RDU	0.0	148.0	22.6441404839
NW-RIC	0.0	133.0	21.7606901725
NW-RNO	0.0	107.0	22.3616285258
NW-ROC	0.0	193.0	23.5724976614
NW-RST	0.0	153.0	16.7119164619
NW-RSW	0.0	277.0	23.9155635284
NW-SAN	0.0	137.0	25.8738081884
NW-SAT	0.0	136.0	20.8195419847
NW-SAV	0.0	69.0	30.5197740113
NW-SBN	0.0	53.0	17.7269624573
NW-SDF	0.0	144.0	21.0430950049
NW-SEA	0.0	183.0	25.2726002794
NW-SFO	0.0	135.0	25.0523024446
NW-SGF	0.0	124.0	18.2849056604
NW-SJC	0.0	152.0	22.1770491803
NW-SJU	0.0	138.0	30.6044606281
NW-SLC	0.0	196.0	25.0789129341
NW-SMF	0.0	105.0	20.9928481279
NW-SNA	0.0	168.0	24.3244542744
NW-SRQ	0.0	84.0	23.8031942298
NW-STL	0.0	195.0	23.9901753428
NW-STT	12.0	39.0	23.696969697
NW-SUX	0.0	77.0	14.7442196532
NW-SYR	0.0	164.0	26.6350277264
NW-TPA	0.0	220.0	23.1292312559
NW-TUS	0.0	88.0	21.1640378549
NW-TVC	0.0	141.0	23.2024204005
NW-TYS	0.0	64.0	18.3744493392
NW-VPS	0.0	161.0	18.5712863621
NW-XNA	0.0	114.0	18.6606243706
OH-ABE	0.0	1457.0	25.6819411871
OH-ABY	0.0	1376.0	101.65
OH-ACK	18.0	86.0	33.2142857143
OH-ACY	0.0	1459.0	23.885198852
OH-AGS	0.0	759.0	25.2058823529
OH-ALB	0.0	929.0	20.3341987255
OH-ATL	0.0	2780.0	33.147015252
OH-ATW	0.0	1456.0	24.778397768
OH-AUS	0.0	1449.0	21.0135501355
OH-AVL	0.0	1452.0	23.0947775629
OH-AVP	0.0	1468.0	25.9323744096
OH-AZO	0.0	1455.0	17.0864522931
OH-BDL	0.0	221.0	22.3433628319
OH-BGM	0.0	1465.0	23.4463625154
OH-BGR	0.0	1458.0	22.1111489942
OH-BHM	0.0	1515.0	20.444363371
OH-BIL	0.0	1464.0	34.2149362477
OH-BNA	0.0	1463.0	22.5340133323
OH-BOS	0.0	1508.0	28.7057795992
OH-BTR	0.0	111.0	20.3427027027
OH-BTV	0.0	1513.0	27.4970344009
OH-BUF	0.0	1467.0	30.0978620897
OH-BWI	0.0	1538.0	26.0344413296
OH-CAE	0.0	1460.0	22.203962525
OH-CAK	0.0	1506.0	24.7390769231
OH-CHA	0.0	1449.0	15.1968911917
OH-CHO	0.0	1459.0	18.4160055191
OH-CHS	0.0	1460.0	22.84895541
OH-CID	0.0	1521.0	17.493879274
OH-CKB	9.0	1443.0	371.75
OH-CLE	0.0	1492.0	26.9115150066
OH-CLT	0.0	1480.0	31.2690103498
OH-CMH	0.0	1454.0	21.8292389381
OH-CMI	0.0	437.0	15.3984741784
OH-COS	0.0	1461.0	27.3268595041
OH-CRW	0.0	1448.0	17.3381117153
OH-CVG	0.0	2777.0	23.6818625667
OH-DAB	0.0	1466.0	26.9379217274
OH-DAY	0.0	1452.0	18.8393493232
OH-DCA	0.0	2583.0	26.8519928686
OH-DEN	0.0	223.0	20.6038961039
OH-DFW	0.0	1453.0	23.3074074074
OH-DSM	0.0	1470.0	21.4606681752
OH-DTW	0.0	2855.0	26.8379735571
OH-ERI	0.0	1499.0	23.6872628726
OH-EVV	0.0	1549.0	21.4220069548
OH-EWR	0.0	1510.0	28.823633157
OH-FLL	0.0	1471.0	27.772574124
OH-FNT	0.0	1458.0	28.4548923412
OH-FSD	0.0	1454.0	17.2760115607
OH-FWA	0.0	1500.0	19.9595375723
OH-GNV	13.0	13.0	13.0
OH-GPT	0.0	94.0	20.0581395349
OH-GRB	0.0	2844.0	21.9135950215
OH-GRR	0.0	1597.0	24.0329369673
OH-GSO	0.0	1463.0	24.1326394712
OH-GSP	0.0	1465.0	23.3416774708
OH-HLN	0.0	1424.0	29.3082145282
OH-HOU	0.0	1459.0	24.391198044
OH-HPN	0.0	1477.0	29.1071103008
OH-HSV	0.0	1464.0	23.7042550945
OH-HTS	0.0	1445.0	15.4074233923
OH-HVN	0.0	1450.0	20.1165279429
OH-IAD	0.0	1522.0	29.296115161
OH-IAH	0.0	1458.0	23.5624772975
OH-ICT	0.0	1470.0	26.5909610984
OH-ILM	0.0	1445.0	19.3045325779
OH-IND	0.0	1455.0	23.7705533597
OH-ISP	0.0	1607.0	35.3965444585
OH-JAN	0.0	1454.0	20.2130722718
OH-JAX	0.0	1463.0	24.9098360656
OH-JFK	0.0	1621.0	43.4996879603
OH-LAN	0.0	1462.0	19.5772205922
OH-LEX	0.0	1456.0	20.8425081773
OH-LGA	0.0	1502.0	35.2215437191
OH-LIT	0.0	1453.0	22.2653621696
OH-MCI	0.0	1456.0	21.4034685395
OH-MCN	10.0	22.0	16.3333333333
OH-MCO	0.0	1505.0	23.514481306
OH-MDT	0.0	1610.0	24.0453827373
OH-MDW	0.0	1478.0	32.9922891566
OH-MEM	0.0	2751.0	23.4821658098
OH-MHT	0.0	1449.0	23.8872168285
OH-MIA	0.0	1457.0	24.7048957389
OH-MKE	0.0	1462.0	20.8390864714
OH-MLB	0.0	1157.0	20.4111767378
OH-MLI	0.0	1633.0	26.7232736573
OH-MOB	0.0	46.0	25.4851485149
OH-MSN	0.0	1461.0	20.503539823
OH-MSP	0.0	1580.0	29.012564433
OH-MSY	0.0	1451.0	24.1237562189
OH-MYR	0.0	1505.0	20.3323127169
OH-OKC	0.0	1610.0	21.3482373173
OH-OMA	0.0	1464.0	19.6069752893
OH-ORD	0.0	1522.0	30.230388109
OH-ORF	0.0	1458.0	25.841816758
OH-PBI	0.0	1462.0	21.8984173721
OH-PFN	0.0	1447.0	17.8377281947
OH-PHF	0.0	87.0	19.5014925373
OH-PHL	0.0	3925.0	32.6548333169
OH-PHX	0.0	1316.0	30.1468531469
OH-PIT	0.0	1463.0	25.0319966928
OH-PNS	0.0	98.0	16.2115509409
OH-PVD	0.0	1464.0	22.7178445708
OH-PWM	0.0	1451.0	22.6626943005
OH-RDU	0.0	1541.0	24.9077722451
OH-RIC	0.0	1471.0	24.9245768948
OH-RNO	14.0	27.0	17.3333333333
OH-ROA	0.0	1458.0	20.0880319149
OH-ROC	0.0	1560.0	31.8729530322
OH-RSW	0.0	209.0	20.470043951
OH-SAT	0.0	1454.0	21.4145183175
OH-SAV	0.0	1455.0	23.409029703
OH-SBA	0.0	582.0	20.0698254364
OH-SBN	0.0	1542.0	20.0120811488
OH-SCE	0.0	1456.0	19.7452574526
OH-SDF	0.0	2829.0	23.3173903923
OH-SEA	0.0	1229.0	34.5326086957
OH-SFO	0.0	1385.0	30.893442623
OH-SGF	0.0	1447.0	18.7620403936
OH-SHV	0.0	1444.0	29.7931558935
OH-SLC	0.0	2831.0	73.3970893971
OH-SRQ	0.0	1480.0	22.9611447185
OH-STL	0.0	1653.0	25.2031414615
OH-SWF	0.0	1469.0	30.9101899827
OH-SYR	0.0	1547.0	24.6733888027
OH-TLH	0.0	1332.0	18.170407315
OH-TOL	0.0	1454.0	19.1655761541
OH-TPA	0.0	1454.0	21.7162962963
OH-TRI	0.0	1463.0	19.9992257065
OH-TTN	0.0	171.0	22.8754365541
OH-TUL	0.0	1454.0	20.6639684516
OH-TVC	0.0	55.0	16.5320512821
OH-TYS	0.0	1466.0	22.5982339956
OH-VPS	0.0	1462.0	36.6104651163
OH-XNA	0.0	1454.0	23.8381244767
OO-ABE	0.0	168.0	21.7454746952
OO-ABI	0.0	1911.0	15.1733601071
OO-ABQ	0.0	177.0	18.2318325606
OO-ACT	0.0	81.0	14.2624333925
OO-ACV	0.0	131.0	12.6587386769
OO-ALB	0.0	149.0	23.1930415264
OO-AMA	17.0	17.0	17.0
OO-ASE	0.0	198.0	19.9109079829
OO-ATL	0.0	176.0	27.2810542797
OO-ATW	0.0	147.0	19.2539143558
OO-AUS	0.0	215.0	21.3121863237
OO-AVP	0.0	131.0	23.5784860558
OO-AZO	0.0	197.0	23.0660189337
OO-BDL	0.0	99.0	17.333655706
OO-BFF	6.0	6.0	6.0
OO-BFL	0.0	1447.0	15.875
OO-BHM	0.0	190.0	22.8843528485
OO-BIL	0.0	115.0	16.3135911736
OO-BIS	0.0	151.0	17.6683996751
OO-BLI	0.0	68.0	18.1827956989
OO-BMI	0.0	183.0	23.2598870056
OO-BNA	0.0	255.0	22.3022788204
OO-BOI	0.0	297.0	16.7123371401
OO-BPT	0.0	130.0	12.9953314659
OO-BTM	0.0	130.0	14.8921462737
OO-BTR	15.0	15.0	15.0
OO-BTV	0.0	164.0	22.6610614819
OO-BUF	0.0	151.0	25.0304942166
OO-BUR	0.0	128.0	18.8264024704
OO-BWI	0.0	154.0	17.4479004666
OO-BZN	0.0	206.0	19.1205539504
OO-CAK	0.0	143.0	26.5380009212
OO-CDC	0.0	167.0	13.2741935484
OO-CEC	0.0	120.0	13.4606474135
OO-CHS	0.0	167.0	23.8392794066
OO-CIC	0.0	153.0	14.8236348593
OO-CID	0.0	203.0	20.8442377948
OO-CLD	0.0	85.0	13.338304672
OO-CLE	0.0	233.0	25.3510515702
OO-CLL	0.0	121.0	14.6599075062
OO-CLT	0.0	59.0	26.0234986945
OO-CMH	0.0	138.0	20.168404986
OO-COD	0.0	141.0	14.8048162231
OO-COS	0.0	263.0	21.9654350112
OO-CPR	0.0	145.0	15.3007476982
OO-CRW	0.0	253.0	22.8309911243
OO-CVG	0.0	211.0	26.8872239748
OO-CWA	0.0	171.0	20.1659869494
OO-CYS	8.0	18.0	13.0
OO-DAB	0.0	76.0	23.4920634921
OO-DAY	0.0	155.0	25.4635705156
OO-DEN	0.0	1459.0	20.7356368514
OO-DFW	0.0	1466.0	24.0898165718
OO-DRO	0.0	111.0	17.0786550141
OO-DSM	0.0	237.0	20.7837292346
OO-DTW	0.0	273.0	27.8605898123
OO-EKO	0.0	111.0	12.5782020186
OO-ELP	0.0	148.0	18.4234805422
OO-EUG	0.0	181.0	14.5227654288
OO-EWR	0.0	234.0	32.7593010147
OO-FAR	0.0	200.0	21.4334176815
OO-FAT	0.0	438.0	15.1841788295
OO-FCA	0.0	155.0	17.5644024218
OO-FLL	0.0	36.0	25.8051948052
OO-FMN	8.0	20.0	13.0
OO-FNT	6.0	57.0	14.7110633727
OO-FSD	0.0	177.0	20.8727012181
OO-FWA	0.0	189.0	22.9395675957
OO-GCC	8.0	84.0	19.0231213873
OO-GEG	0.0	142.0	14.0863464041
OO-GJT	0.0	1050.0	14.6737297182
OO-GRB	0.0	224.0	20.6274298056
OO-GRK	0.0	97.0	14.6186348862
OO-GRR	0.0	220.0	20.8824689966
OO-GSO	0.0	112.0	23.1362847222
OO-GSP	0.0	231.0	25.6295828066
OO-GTF	0.0	157.0	15.7948942262
OO-GUC	0.0	160.0	30.7922705314
OO-HDN	0.0	148.0	21.8710094909
OO-HLN	0.0	108.0	16.056774643
OO-HOU	0.0	139.0	23.6472019465
OO-HPN	0.0	225.0	29.41952895
OO-HSV	0.0	97.0	22.7278424351
OO-IAD	21.0	123.0	40.8571428571
OO-IAH	0.0	287.0	19.8007600649
OO-ICT	0.0	233.0	20.6859713241
OO-IDA	0.0	281.0	15.8729055758
OO-ILE	0.0	131.0	15.080601827
OO-IND	0.0	209.0	23.5961313013
OO-IPL	0.0	92.0	13.9286093888
OO-IYK	0.0	359.0	17.5763717252
OO-JAC	0.0	143.0	15.9372583674
OO-JAN	0.0	106.0	18.3080260304
OO-JAX	0.0	126.0	21.4715127701
OO-LAN	0.0	181.0	23.5100243013
OO-LAS	0.0	664.0	17.8939346812
OO-LAX	0.0	1451.0	17.5913424715
OO-LBB	12.0	12.0	12.0
OO-LEX	0.0	216.0	23.8755768548
OO-LGB	0.0	197.0	21.8725585938
OO-LIT	0.0	113.0	20.8278335725
OO-LMT	4.0	76.0	17.5456389452
OO-LNK	0.0	180.0	19.9152571478
OO-LWS	0.0	106.0	17.5509090909
OO-MBS	0.0	192.0	23.3813537003
OO-MCI	0.0	219.0	20.544737664
OO-MDT	0.0	154.0	24.2835820896
OO-MEM	0.0	252.0	23.719580036
OO-MFR	0.0	1282.0	13.7123880744
OO-MGM	0.0	50.0	16.9368421053
OO-MKC	22.0	22.0	22.0
OO-MKE	0.0	197.0	21.7386778554
OO-MKG	6.0	35.0	12.5549872123
OO-MLI	0.0	171.0	20.8107116654
OO-MLU	0.0	109.0	14.5389830508
OO-MOB	0.0	86.0	22.7330316742
OO-MOD	0.0	555.0	15.429402834
OO-MRY	0.0	485.0	15.2848181063
OO-MSN	0.0	235.0	22.7192894921
OO-MSO	0.0	136.0	16.901416122
OO-MSP	0.0	198.0	23.2350391499
OO-MSY	0.0	78.0	21.4410540915
OO-MTJ	0.0	104.0	15.5477887235
OO-OAK	0.0	104.0	20.3218198144
OO-OGD	5.0	21.0	13.6666666667
OO-OKC	0.0	218.0	19.3518722467
OO-OMA	0.0	737.0	19.9756912442
OO-ONT	0.0	183.0	17.3990752186
OO-ORD	0.0	1344.0	24.375598222
OO-ORF	0.0	189.0	22.3829278022
OO-OTH	7.0	91.0	17.6606425703
OO-OXR	0.0	103.0	16.703613694
OO-PDX	0.0	1095.0	12.6810147723
OO-PFN	0.0	46.0	17.30472103
OO-PHL	0.0	224.0	26.730458221
OO-PHX	0.0	124.0	20.5152413563
OO-PIA	0.0	272.0	23.2158440353
OO-PIH	0.0	134.0	14.352571116
OO-PIT	0.0	175.0	23.3938818165
OO-PMD	0.0	114.0	18.660600546
OO-PNS	0.0	113.0	19.6855345912
OO-PSC	0.0	144.0	15.96797216
OO-PSP	0.0	667.0	15.3829311171
OO-PUB	0.0	14.0	9.0
OO-PVD	0.0	217.0	27.8166666667
OO-PVU	0.0	0.0	0.0
OO-PWM	0.0	153.0	27.4838709677
OO-RAP	0.0	187.0	17.3773895286
OO-RDD	0.0	97.0	14.2327983609
OO-RDM	0.0	161.0	14.0049219814
OO-RDU	0.0	110.0	22.479259732
OO-RFD	0.0	93.0	23.740192926
OO-RIC	12.0	43.0	19.8214285714
OO-RKS	7.0	161.0	17.0126582278
OO-RNO	0.0	628.0	15.9326902091
OO-ROA	0.0	170.0	21.9951377634
OO-ROC	0.0	65.0	22.7094594595
OO-SAN	0.0	121.0	16.2354130315
OO-SAT	0.0	201.0	19.9732990188
OO-SAV	0.0	287.0	24.776816609
OO-SBA	0.0	170.0	14.9625897294
OO-SBN	0.0	221.0	22.1830635118
OO-SBP	0.0	93.0	16.0745881917
OO-SDF	0.0	201.0	24.7597708205
OO-SEA	0.0	460.0	13.7722638122
OO-SFO	0.0	706.0	18.6721323109
OO-SGF	0.0	219.0	20.9254492269
OO-SGU	0.0	505.0	14.5031152648
OO-SHV	0.0	67.0	16.7532467532
OO-SJC	0.0	212.0	18.8439574468
OO-SJT	0.0	77.0	14.6137281292
OO-SLC	0.0	1460.0	21.3022801375
OO-SLE	0.0	48.0	20.8799546999
OO-SMF	0.0	184.0	17.01821358
OO-SMX	0.0	107.0	16.9440789474
OO-SNA	0.0	141.0	17.5153169722
OO-SPI	0.0	229.0	21.4840079253
OO-STL	0.0	139.0	22.2212518195
OO-SUN	0.0	1020.0	13.3185512464
OO-SUX	22.0	22.0	22.0
OO-SYR	0.0	165.0	25.2520515826
OO-TLH	0.0	1221.0	21.7265160523
OO-TUL	0.0	186.0	19.6926813472
OO-TUS	0.0	187.0	17.6061675838
OO-TVC	0.0	249.0	21.9375
OO-TWF	0.0	167.0	13.9648282024
OO-TXK	0.0	85.0	13.8425925926
OO-TYR	0.0	50.0	14.1261892839
OO-TYS	0.0	223.0	23.4430745521
OO-VCT	0.0	71.0	14.3267776097
OO-VIS	0.0	37.0	9.46211741094
OO-VPS	0.0	83.0	20.977443609
OO-WYS	0.0	37.0	12.8136112814
OO-XNA	0.0	202.0	22.0658841348
OO-YKM	0.0	66.0	18.1017402945
OO-YUM	0.0	141.0	14.9354364541
TW-ABQ	0.0	80.0	18.5786484952
TW-ANC	0.0	58.0	21.3739495798
TW-ATL	0.0	112.0	21.9243353783
TW-AUS	0.0	161.0	18.2617563739
TW-BDL	0.0	200.0	20.2013651877
TW-BNA	0.0	120.0	19.3081423696
TW-BOS	0.0	141.0	26.681988743
TW-BWI	0.0	185.0	21.7121281465
TW-CID	0.0	190.0	15.9734620024
TW-CLE	0.0	156.0	21.8193465727
TW-CLT	0.0	98.0	21.0509138381
TW-CMH	0.0	108.0	17.8935468676
TW-COS	0.0	104.0	21.9085365854
TW-CVG	0.0	164.0	20.16468039
TW-DAY	0.0	154.0	19.265560166
TW-DCA	0.0	141.0	21.8897668906
TW-DEN	0.0	134.0	21.8883385862
TW-DFW	0.0	239.0	20.9437645688
TW-DSM	0.0	72.0	16.3731271145
TW-DTW	0.0	305.0	26.6093457944
TW-ELP	0.0	71.0	18.6994535519
TW-EWR	0.0	442.0	31.6506352087
TW-FLL	0.0	118.0	21.3621134021
TW-FSD	0.0	87.0	17.5930776427
TW-HDN	0.0	67.0	22.6020408163
TW-HNL	0.0	49.0	20.3902439024
TW-IAD	0.0	131.0	23.750334672
TW-IAH	0.0	72.0	19.504950495
TW-ICT	0.0	113.0	17.8025291829
TW-IND	0.0	140.0	22.0842541436
TW-JAX	0.0	164.0	18.9110907424
TW-JFK	0.0	414.0	30.0906325396
TW-KOA	0.0	60.0	18.4775510204
TW-LAS	0.0	116.0	21.1712121212
TW-LAX	0.0	162.0	20.84962239
TW-LGA	0.0	334.0	34.7606734817
TW-LIT	0.0	172.0	16.8360814743
TW-LNK	0.0	93.0	15.0600155885
TW-MCI	0.0	139.0	19.7586810622
TW-MCO	0.0	147.0	20.4437040441
TW-MDT	0.0	83.0	17.7933884298
TW-MFE	0.0	70.0	13.9426229508
TW-MIA	0.0	160.0	23.554789272
TW-MKE	0.0	144.0	17.505904582
TW-MLI	0.0	196.0	15.2579001019
TW-MSP	0.0	163.0	25.1256009615
TW-MSY	0.0	65.0	16.7868852459
TW-OGG	0.0	43.0	14.6195286195
TW-OKC	0.0	111.0	17.7855787476
TW-OMA	0.0	72.0	17.1105815062
TW-ONT	0.0	70.0	20.6898803047
TW-ORD	0.0	205.0	25.2377622378
TW-ORF	0.0	123.0	17.6047794118
TW-PBI	0.0	82.0	17.7225433526
TW-PDX	0.0	96.0	21.5009548059
TW-PHL	0.0	212.0	29.218401937
TW-PHX	0.0	105.0	20.6669695593
TW-PIA	0.0	36.0	15.8823529412
TW-PIT	0.0	97.0	22.7918807811
TW-PWM	0.0	201.0	13.8388157895
TW-RDU	0.0	122.0	18.8470335954
TW-RIC	0.0	119.0	20.8310991957
TW-RNO	9.0	46.0	16.9504132231
TW-RSW	0.0	55.0	17.5161596958
TW-SAN	0.0	99.0	20.8922484882
TW-SAT	0.0	80.0	18.3506097561
TW-SDF	0.0	111.0	17.4317042607
TW-SEA	0.0	87.0	21.4496768236
TW-SFO	0.0	80.0	21.721895665
TW-SGF	0.0	191.0	15.4653753027
TW-SHV	0.0	47.0	14.307073955
TW-SJC	0.0	67.0	22.9409969481
TW-SJU	0.0	86.0	22.6167810494
TW-SLC	0.0	134.0	23.602189781
TW-SMF	0.0	77.0	19.9552599758
TW-SNA	0.0	231.0	24.452173913
TW-SRQ	9.0	132.0	16.5610687023
TW-STL	0.0	324.0	23.886755806
TW-TPA	0.0	88.0	19.5710987996
TW-TUL	0.0	138.0	19.8271900431
TW-TYS	0.0	150.0	14.7967213115
TZ-ABQ	22.0	22.0	22.0
TZ-BOS	0.0	205.0	28.770014556
TZ-BWI	18.0	23.0	20.5
TZ-CLT	0.0	206.0	26.2394043528
TZ-DCA	0.0	188.0	22.3188320596
TZ-DEN	0.0	217.0	23.0613019169
TZ-DFW	0.0	214.0	23.4326018809
TZ-EWR	0.0	242.0	33.1873885918
TZ-FLL	0.0	201.0	25.8218066337
TZ-HNL	0.0	88.0	23.1126919968
TZ-HOU	0.0	79.0	22.8648148148
TZ-IND	0.0	215.0	19.9744411123
TZ-ITO	12.0	35.0	19.5541666667
TZ-KOA	13.0	47.0	25.1304347826
TZ-LAS	0.0	143.0	26.1235067083
TZ-LAX	0.0	211.0	20.4296028881
TZ-LGA	0.0	331.0	31.8071581197
TZ-LIH	10.0	57.0	18.7441860465
TZ-MCO	0.0	166.0	21.6555230534
TZ-MDW	0.0	274.0	24.810694174
TZ-MIA	0.0	138.0	27.4670623145
TZ-MSP	0.0	223.0	25.7572799471
TZ-OAK	0.0	69.0	19.936
TZ-OGG	0.0	72.0	17.0784480317
TZ-ONT	0.0	172.0	21.5282258065
TZ-ORD	0.0	0.0	0.0
TZ-PHL	0.0	255.0	32.9217391304
TZ-PHX	0.0	261.0	23.1744802283
TZ-PIE	0.0	194.0	20.3339672879
TZ-PIT	0.0	185.0	25.2111420613
TZ-RSW	0.0	96.0	20.6416708606
TZ-SEA	0.0	242.0	24.0504497458
TZ-SFO	0.0	156.0	20.7458829186
TZ-SJC	0.0	207.0	22.5349838536
TZ-SJU	0.0	114.0	21.9528999611
TZ-SRQ	0.0	204.0	19.799850075
TZ-TPA	27.0	27.0	27.0
UA-ABE	0.0	117.0	19.0287356322
UA-ABQ	0.0	273.0	17.9818146008
UA-ALB	0.0	235.0	22.0230617509
UA-ANC	0.0	115.0	19.5119322556
UA-ATL	0.0	252.0	27.6800804197
UA-AUS	0.0	228.0	19.1322998928
UA-BDL	0.0	264.0	23.4539765667
UA-BHM	0.0	48.0	18.4731861199
UA-BIL	0.0	181.0	17.791503268
UA-BNA	0.0	148.0	20.0491712707
UA-BOI	0.0	213.0	17.9660060755
UA-BOS	0.0	268.0	25.3541124144
UA-BTV	0.0	204.0	20.0123097583
UA-BUF	0.0	314.0	21.1724518459
UA-BUR	0.0	187.0	17.3867109635
UA-BWI	0.0	332.0	22.7979660531
UA-BZN	11.0	95.0	21.9336492891
UA-CID	0.0	126.0	17.6451240623
UA-CLE	0.0	238.0	27.0989527916
UA-CLT	0.0	267.0	27.1453017664
UA-CMH	0.0	294.0	24.7920720348
UA-COS	0.0	148.0	20.5602143024
UA-CVG	0.0	256.0	27.0925078294
UA-DAY	0.0	209.0	26.9605663825
UA-DCA	0.0	295.0	24.6880977157
UA-DEN	0.0	276.0	20.5901885315
UA-DFW	0.0	304.0	23.1473763338
UA-DSM	0.0	262.0	20.0266940452
UA-DTW	0.0	400.0	26.377441663
UA-EGE	0.0	183.0	26.5992152466
UA-EUG	0.0	73.0	14.7711716213
UA-EWR	0.0	302.0	31.4937778432
UA-FLL	0.0	277.0	26.0596830305
UA-FSD	0.0	167.0	18.7044176707
UA-GEG	0.0	168.0	19.0110587227
UA-GRR	0.0	207.0	21.2999337686
UA-GSO	0.0	210.0	24.7281018758
UA-GUC	0.0	85.0	21.5594405594
UA-HDN	0.0	105.0	27.3724653148
UA-HNL	0.0	126.0	23.6136645963
UA-HPN	0.0	246.0	22.122732769
UA-IAD	0.0	321.0	25.0489511808
UA-IAH	0.0	243.0	22.7794396615
UA-ICT	0.0	126.0	19.1225716929
UA-IND	0.0	274.0	24.0676408202
UA-JAC	0.0	176.0	23.5229835212
UA-JAX	0.0	155.0	23.0403397028
UA-JFK	0.0	351.0	35.5601245648
UA-KOA	0.0	106.0	18.0341646737
UA-LAS	0.0	242.0	24.1337452579
UA-LAX	0.0	290.0	23.1268213067
UA-LGA	0.0	379.0	33.1443101132
UA-LIH	0.0	129.0	14.9476795372
UA-LNK	0.0	155.0	18.7328767123
UA-MBS	0.0	122.0	17.2361702128
UA-MCI	0.0	345.0	21.1513704804
UA-MCO	0.0	208.0	22.3503250026
UA-MDT	0.0	161.0	20.0184753662
UA-MDW	0.0	178.0	23.9162072767
UA-MEM	0.0	79.0	19.998810232
UA-MFR	0.0	112.0	15.3268939394
UA-MHT	0.0	242.0	23.8194083068
UA-MIA	0.0	236.0	23.9538480126
UA-MKE	0.0	131.0	17.774566474
UA-MRY	0.0	64.0	12.3724340176
UA-MSN	0.0	72.0	16.5
UA-MSO	12.0	107.0	20.3829787234
UA-MSP	0.0	330.0	24.0948640242
UA-MSY	0.0	195.0	18.9759379452
UA-MTJ	0.0	52.0	20.976076555
UA-OAK	0.0	234.0	20.8563587641
UA-OGG	0.0	150.0	18.6928732361
UA-OKC	0.0	164.0	17.4124851476
UA-OMA	0.0	183.0	19.9627459491
UA-ONT	0.0	202.0	18.7325089698
UA-ORD	0.0	392.0	25.1730523141
UA-ORF	0.0	99.0	18.1896162528
UA-PBI	0.0	1514.0	22.4471652915
UA-PDX	0.0	279.0	18.6477729295
UA-PHL	0.0	294.0	30.4165585118
UA-PHX	0.0	231.0	21.4876806007
UA-PIT	0.0	291.0	26.3773314993
UA-PSP	0.0	118.0	20.0643431635
UA-PVD	0.0	244.0	21.7557591847
UA-PWM	0.0	207.0	18.5559633028
UA-RAP	7.0	93.0	21.9649122807
UA-RDU	0.0	230.0	22.482773288
UA-RIC	0.0	271.0	20.5889751137
UA-RNO	0.0	152.0	19.3784793138
UA-ROC	0.0	269.0	21.6251228622
UA-RSW	0.0	252.0	23.4466070489
UA-SAN	0.0	207.0	21.1829414842
UA-SAT	0.0	214.0	19.3990985
UA-SBA	0.0	80.0	12.7078046905
UA-SDF	0.0	46.0	19.0251572327
UA-SEA	0.0	262.0	21.6323379446
UA-SFO	0.0	228.0	23.7895037207
UA-SJC	0.0	195.0	22.6986864203
UA-SJU	0.0	152.0	26.5099271533
UA-SLC	0.0	230.0	22.3026845877
UA-SMF	0.0	231.0	20.3682740969
UA-SNA	0.0	388.0	23.5755276091
UA-STL	0.0	227.0	22.4631513261
UA-STT	0.0	170.0	22.0525131283
UA-SYR	0.0	88.0	21.1498109641
UA-TPA	0.0	292.0	21.7050524184
UA-TUL	0.0	116.0	18.370414673
UA-TUS	0.0	168.0	18.0665883275
UA-TYS	0.0	83.0	19.2165048544
US-ABE	0.0	207.0	17.9347185864
US-ABI	22.0	22.0	22.0
US-ABQ	0.0	135.0	22.8756960661
US-AGS	8.0	34.0	17.4
US-ALB	0.0	224.0	18.4837830825
US-ANC	0.0	83.0	21.7200665188
US-ATL	0.0	203.0	24.2502136491
US-AUS	0.0	81.0	23.4470319635
US-AVL	0.0	74.0	16.9255070203
US-AVP	0.0	163.0	15.9007225888
US-BDL	0.0	216.0	19.2859856951
US-BGM	0.0	114.0	16.2964824121
US-BGR	40.0	40.0	40.0
US-BHM	0.0	132.0	15.6262496796
US-BNA	0.0	182.0	18.4506380758
US-BOI	0.0	92.0	19.8613022763
US-BOS	0.0	307.0	22.9228520057
US-BTV	0.0	220.0	18.7947394706
US-BUF	0.0	206.0	17.7363804973
US-BUR	0.0	113.0	18.8649011063
US-BWI	0.0	257.0	18.9293532491
US-CAE	0.0	92.0	15.4408143939
US-CAK	0.0	122.0	14.9743346008
US-CHA	0.0	55.0	13.5339534884
US-CHS	0.0	197.0	16.6788430104
US-CLE	0.0	153.0	20.6564136126
US-CLT	0.0	343.0	22.4955606566
US-CMH	0.0	204.0	18.9439455203
US-CRW	0.0	57.0	13.4083769634
US-CVG	0.0	0.0	0.0
US-DAB	11.0	31.0	17.5909090909
US-DAY	0.0	172.0	18.0280592362
US-DCA	0.0	292.0	20.5804994315
US-DEN	0.0	184.0	21.0465633379
US-DFW	0.0	293.0	23.1607202918
US-DTW	0.0	230.0	22.684923997
US-EGE	0.0	118.0	26.9300699301
US-ELM	0.0	121.0	13.692745377
US-ELP	0.0	92.0	21.5859080633
US-ERI	0.0	52.0	14.3232876712
US-EWR	0.0	294.0	27.4632681743
US-EYW	0.0	38.0	9.11228070175
US-FAT	0.0	61.0	20.9719789842
US-FAY	0.0	58.0	12.7779349364
US-FCA	8.0	33.0	15.7611940299
US-FLL	0.0	262.0	21.1122631829
US-GEG	0.0	199.0	19.3492375799
US-GRR	0.0	49.0	13.5719769674
US-GSO	0.0	210.0	19.1642487047
US-GSP	0.0	179.0	16.1474382602
US-HNL	0.0	60.0	22.5642493639
US-HPN	0.0	217.0	19.2785571142
US-HSV	0.0	190.0	13.539295393
US-IAD	0.0	215.0	22.5912500491
US-IAH	0.0	213.0	22.1122302783
US-ILM	0.0	190.0	15.5581306629
US-IND	0.0	162.0	18.9877808162
US-ITH	0.0	87.0	15.9488272921
US-JAX	0.0	281.0	17.2198313719
US-JFK	0.0	278.0	40.5970562518
US-KOA	0.0	72.0	17.60496614
US-LAS	0.0	236.0	26.1174881892
US-LAX	0.0	218.0	20.1309987287
US-LEX	0.0	66.0	13.7931034483
US-LGA	0.0	320.0	28.4963296218
US-LGB	0.0	150.0	27.7398373984
US-LIH	0.0	56.0	17.5409638554
US-LWB	0.0	29.0	13.6707317073
US-MCI	0.0	211.0	18.9947292549
US-MCO	0.0	206.0	19.958026729
US-MDT	0.0	193.0	18.1013804528
US-MDW	0.0	199.0	19.8665661515
US-MEM	0.0	170.0	16.1442885772
US-MHT	0.0	215.0	18.9856851533
US-MIA	0.0	221.0	22.3092067899
US-MKE	0.0	140.0	19.6864838631
US-MSP	0.0	274.0	24.3460975733
US-MSY	0.0	192.0	17.4157642464
US-MYR	0.0	190.0	16.4750419593
US-OAK	0.0	94.0	19.2714588485
US-OGG	0.0	74.0	16.389395667
US-OMA	0.0	91.0	19.9155555556
US-ONT	0.0	187.0	21.6059875142
US-ORD	0.0	330.0	24.4567172027
US-ORF	0.0	183.0	17.3396667641
US-PBI	0.0	224.0	18.1747382536
US-PDX	0.0	128.0	17.6238766227
US-PHL	0.0	402.0	28.4315254731
US-PHX	0.0	334.0	23.820443909
US-PIT	0.0	308.0	20.9728130823
US-PNS	0.0	176.0	15.9818143813
US-PVD	0.0	251.0	18.5519795658
US-PWM	0.0	189.0	17.8812658534
US-RDU	0.0	235.0	18.6868266739
US-RIC	0.0	207.0	17.920781269
US-RNO	0.0	102.0	17.8522703494
US-ROA	0.0	82.0	14.6066756879
US-ROC	0.0	163.0	18.7007270911
US-RSW	0.0	239.0	18.2511526502
US-SAN	0.0	253.0	23.1069281987
US-SAT	0.0	103.0	23.1340745585
US-SAV	0.0	163.0	16.7918509457
US-SBN	0.0	147.0	15.7620103474
US-SDF	0.0	185.0	17.6345270891
US-SEA	0.0	173.0	21.7912215321
US-SFO	0.0	172.0	22.5652485601
US-SJC	0.0	124.0	20.5223998199
US-SJU	0.0	138.0	23.3809034321
US-SLC	0.0	123.0	21.1905490721
US-SMF	0.0	119.0	18.0716514375
US-SNA	0.0	188.0	23.2735327427
US-SRQ	0.0	172.0	16.265060241
US-STL	0.0	199.0	22.2199229598
US-STT	0.0	173.0	18.0902339398
US-STX	0.0	158.0	22.0729253982
US-SYR	0.0	167.0	19.2428623245
US-TOL	0.0	62.0	15.6803551609
US-TPA	0.0	174.0	18.8177359453
US-TRI	0.0	83.0	12.2204861111
US-TUS	0.0	102.0	19.2953964194
US-TYS	0.0	34.0	14.0223988439
WN-ABQ	0.0	195.0	12.9261297951
WN-ALB	0.0	221.0	13.2301632679
WN-AMA	0.0	142.0	10.5098385217
WN-AUS	0.0	185.0	12.6540258101
WN-BDL	0.0	175.0	14.1371831877
WN-BHM	0.0	216.0	12.179636003
WN-BNA	0.0	232.0	13.2668225568
WN-BOI	0.0	80.0	11.7440594351
WN-BUF	0.0	145.0	12.9711769416
WN-BUR	0.0	193.0	14.0084562661
WN-BWI	0.0	282.0	14.5732145828
WN-CLE	0.0	164.0	15.0675585405
WN-CMH	0.0	210.0	12.5879846613
WN-CRP	0.0	154.0	11.2255058246
WN-DAL	0.0	245.0	11.6752259231
WN-DEN	0.0	219.0	17.3342430225
WN-DTW	0.0	199.0	16.2346982105
WN-ELP	0.0	204.0	12.2311147528
WN-FLL	0.0	210.0	18.0948653925
WN-GEG	0.0	116.0	12.6393561859
WN-HOU	0.0	235.0	11.7368585821
WN-HRL	0.0	112.0	10.1011561575
WN-IAD	0.0	148.0	17.6679443653
WN-IAH	0.0	127.0	12.685989777
WN-IND	0.0	152.0	14.8165758316
WN-ISP	0.0	255.0	12.8800463512
WN-JAN	0.0	309.0	11.6343595146
WN-JAX	0.0	174.0	12.7801662367
WN-LAS	0.0	195.0	17.7895081675
WN-LAX	0.0	181.0	13.174679157
WN-LBB	0.0	164.0	10.6459517793
WN-LIT	0.0	97.0	11.0740795946
WN-MAF	0.0	105.0	10.6824035511
WN-MCI	0.0	215.0	13.4878294626
WN-MCO	0.0	212.0	14.6519353922
WN-MDW	0.0	262.0	15.6277514307
WN-MHT	0.0	194.0	14.3868149787
WN-MSY	0.0	164.0	11.4328175248
WN-OAK	0.0	221.0	13.44579349
WN-OKC	0.0	121.0	11.2719482676
WN-OMA	0.0	128.0	12.7404016908
WN-ONT	0.0	191.0	12.2681788118
WN-ORF	0.0	176.0	12.895380111
WN-PBI	0.0	154.0	13.8330514269
WN-PDX	0.0	221.0	12.7783074624
WN-PHL	0.0	320.0	25.4975654257
WN-PHX	0.0	243.0	15.3375992516
WN-PIT	0.0	209.0	17.4757643834
WN-PVD	0.0	183.0	14.4307404517
WN-RDU	0.0	172.0	13.6134856247
WN-RNO	0.0	208.0	12.8079923732
WN-RSW	0.0	141.0	14.4590039606
WN-SAN	0.0	184.0	14.8819075661
WN-SAT	0.0	139.0	11.5630088319
WN-SDF	0.0	182.0	12.5257195847
WN-SEA	0.0	149.0	16.0232714254
WN-SFO	0.0	189.0	17.12116694
WN-SJC	0.0	164.0	14.2595150332
WN-SLC	0.0	253.0	16.7040652373
WN-SMF	0.0	206.0	12.5281325742
WN-SNA	0.0	152.0	14.020261219
WN-STL	0.0	203.0	14.2313940252
WN-TPA	0.0	152.0	14.0692889333
WN-TUL	0.0	145.0	11.494462308
WN-TUS	0.0	111.0	13.2416835472
XE-ABE	0.0	187.0	19.9156832564
XE-ABI	0.0	60.0	19.0551724138
XE-ABQ	0.0	188.0	20.2137078025
XE-ACK	0.0	221.0	26.2112676056
XE-AEX	0.0	203.0	21.6503880118
XE-AGS	0.0	259.0	23.4178356713
XE-ALB	0.0	265.0	24.9656298821
XE-AMA	0.0	328.0	21.1589285714
XE-ATL	0.0	264.0	27.9766763848
XE-AUS	0.0	143.0	19.6181386711
XE-AVL	0.0	431.0	27.2363025804
XE-BDL	0.0	267.0	25.3183990442
XE-BFL	0.0	331.0	19.6722857143
XE-BGR	0.0	304.0	32.8597938144
XE-BHM	0.0	317.0	23.691892897
XE-BIL	0.0	43.0	18.6964285714
XE-BNA	0.0	274.0	24.0670911985
XE-BOI	0.0	104.0	19.4989490279
XE-BOS	0.0	166.0	27.1270673659
XE-BPT	0.0	163.0	18.2837386743
XE-BRO	0.0	280.0	21.9753828808
XE-BTR	0.0	275.0	22.0666059778
XE-BTV	0.0	309.0	25.2319023949
XE-BUF	0.0	262.0	23.2703010372
XE-BWI	0.0	195.0	24.6534283775
XE-CAE	0.0	185.0	23.8241428758
XE-CHA	0.0	267.0	22.5107553777
XE-CHS	0.0	257.0	25.1471307068
XE-CLE	0.0	232.0	22.9437337518
XE-CLL	0.0	311.0	19.0060632308
XE-CLT	0.0	406.0	29.3559374041
XE-CMH	0.0	271.0	21.7452509498
XE-COS	0.0	272.0	24.8233497768
XE-CRP	0.0	253.0	21.9932019035
XE-CRW	0.0	124.0	21.2915351506
XE-CVG	0.0	293.0	27.3296697227
XE-DAB	0.0	269.0	25.3452157598
XE-DAL	0.0	255.0	22.2435668089
XE-DAY	0.0	339.0	23.6845205227
XE-DCA	0.0	209.0	25.1026000122
XE-DEN	0.0	97.0	23.3742024965
XE-DFW	0.0	238.0	25.425557656
XE-DRO	9.0	73.0	19.3483146067
XE-DSM	0.0	170.0	23.055303343
XE-DTW	0.0	270.0	29.0563878642
XE-EFD	0.0	163.0	17.4269535674
XE-ELP	0.0	168.0	22.4462463557
XE-ERI	0.0	60.0	16.2669491525
XE-EUG	0.0	62.0	20.6830102623
XE-EWR	0.0	419.0	33.138954103
XE-FAT	0.0	138.0	14.8559471366
XE-FCA	0.0	105.0	18.8457943925
XE-FLL	19.0	39.0	25.5714285714
XE-GEG	0.0	105.0	18.5404089581
XE-GPT	0.0	307.0	21.3021174416
XE-GRK	0.0	206.0	25.773888605
XE-GRR	0.0	289.0	22.7133228947
XE-GSO	0.0	308.0	24.2547960385
XE-GSP	0.0	1470.0	21.7158283603
XE-GUC	0.0	47.0	20.9937106918
XE-HDN	0.0	74.0	22.9017857143
XE-HOU	0.0	51.0	22.5236220472
XE-HPN	0.0	206.0	23.1752404852
XE-HRL	0.0	211.0	21.7271498771
XE-HSV	0.0	271.0	23.5252225519
XE-IAD	0.0	329.0	30.7779789474
XE-IAH	0.0	1535.0	24.3196491716
XE-ICT	0.0	250.0	22.574920167
XE-IDA	6.0	43.0	16.4321766562
XE-ILE	0.0	56.0	17.5714285714
XE-IND	0.0	315.0	24.0252828854
XE-ISP	0.0	173.0	22.0885448916
XE-JAN	0.0	196.0	21.8148108225
XE-JAX	0.0	256.0	22.3389305622
XE-JFK	0.0	258.0	41.8249603384
XE-LAS	0.0	158.0	29.9829268293
XE-LAX	0.0	149.0	24.5475791953
XE-LBB	0.0	267.0	22.4923339012
XE-LCH	0.0	339.0	22.9224310777
XE-LEX	0.0	280.0	24.3438032627
XE-LFT	0.0	446.0	22.4465671291
XE-LGA	0.0	329.0	32.3996039604
XE-LGB	0.0	55.0	17.1712877388
XE-LIT	0.0	473.0	23.073019802
XE-LRD	0.0	262.0	21.2799089727
XE-MAF	0.0	206.0	21.1705869422
XE-MCI	0.0	241.0	21.207283636
XE-MCO	0.0	137.0	25.7853535354
XE-MDT	0.0	229.0	20.6432160804
XE-MDW	0.0	197.0	23.1076714189
XE-MEM	0.0	312.0	26.3811859838
XE-MFE	0.0	250.0	21.1237916219
XE-MGM	0.0	189.0	22.5358208955
XE-MHT	0.0	234.0	26.299378453
XE-MIA	0.0	171.0	23.1597359736
XE-MKE	0.0	235.0	24.0730452244
XE-MLU	0.0	256.0	17.6994099271
XE-MOB	0.0	216.0	21.762745098
XE-MRY	0.0	39.0	12.8272900763
XE-MSN	0.0	250.0	22.2532826538
XE-MSP	0.0	240.0	27.4706429485
XE-MSY	0.0	244.0	17.521059216
XE-MTJ	0.0	112.0	23.7075542259
XE-MYR	0.0	158.0	21.7990797546
XE-OAK	0.0	119.0	28.1750629723
XE-OKC	0.0	291.0	21.226746507
XE-OMA	0.0	264.0	24.1371544328
XE-ONT	0.0	111.0	17.8417260898
XE-ORD	0.0	258.0	26.1720787863
XE-ORF	0.0	318.0	22.6921013739
XE-PBI	0.0	170.0	21.1222309096
XE-PDX	11.0	147.0	27.5
XE-PHL	0.0	338.0	29.7980805185
XE-PHX	0.0	215.0	24.3526739624
XE-PIT	0.0	299.0	28.2589809815
XE-PNS	0.0	232.0	20.0872421495
XE-PSP	0.0	95.0	21.0907868191
XE-PUB	23.0	49.0	36.0
XE-PVD	0.0	1450.0	24.2906096036
XE-PWM	0.0	357.0	25.158263622
XE-RAP	0.0	58.0	25.0857142857
XE-RDU	0.0	339.0	22.9441215377
XE-RIC	0.0	240.0	24.492850974
XE-RNO	0.0	135.0	22.6627858628
XE-ROC	0.0	293.0	24.3376838479
XE-RSW	0.0	161.0	22.4061433447
XE-SAN	0.0	92.0	16.3892539621
XE-SAT	0.0	132.0	18.045974356
XE-SAV	0.0	399.0	25.563306527
XE-SBA	0.0	29.0	13.2676767677
XE-SBN	0.0	75.0	20.5227272727
XE-SDF	0.0	280.0	23.6564948882
XE-SEA	0.0	121.0	29.3456254519
XE-SFO	0.0	133.0	31.4802715316
XE-SHV	0.0	273.0	19.1446221732
XE-SJC	0.0	142.0	27.3690159574
XE-SJT	0.0	82.0	19.5714285714
XE-SLC	0.0	179.0	26.7773824651
XE-SMF	0.0	149.0	19.9847868852
XE-SRQ	0.0	158.0	21.5117591722
XE-STL	0.0	206.0	23.6548806409
XE-SYR	0.0	285.0	25.3135203324
XE-TLH	0.0	229.0	19.4723076923
XE-TPA	0.0	81.0	22.0416666667
XE-TUL	0.0	371.0	20.8959513024
XE-TUS	0.0	204.0	18.7535966279
XE-TWF	5.0	5.0	5.0
XE-TXK	0.0	78.0	18.8636363636
XE-TYR	0.0	48.0	18.9306358382
XE-TYS	0.0	219.0	22.6976566674
XE-VCT	0.0	90.0	17.3138528139
XE-VPS	0.0	233.0	21.978607291
XE-XNA	0.0	250.0	22.708040789
YV-ABE	0.0	115.0	21.0123358536
YV-ABQ	0.0	112.0	21.7842465753
YV-AGS	11.0	40.0	21.9285714286
YV-ALB	0.0	93.0	22.9459459459
YV-ASE	0.0	132.0	17.1328263177
YV-ATL	0.0	225.0	29.0977650144
YV-ATW	0.0	245.0	20.9897400821
YV-AUS	0.0	107.0	22.2912767884
YV-AVL	0.0	31.0	19.8888888889
YV-AVP	0.0	162.0	21.6024590164
YV-BDL	0.0	296.0	23.8864152658
YV-BFL	0.0	136.0	19.1689474994
YV-BHM	0.0	214.0	22.854805726
YV-BIL	0.0	35.0	17.4615384615
YV-BMI	0.0	221.0	23.546302051
YV-BNA	0.0	221.0	23.3892498523
YV-BOI	0.0	51.0	19.3851132686
YV-BOS	0.0	150.0	25.5420560748
YV-BTV	0.0	44.0	18.3846153846
YV-BUF	0.0	150.0	22.1150532184
YV-BUR	0.0	164.0	21.0119844907
YV-BWI	0.0	140.0	21.8496296296
YV-CAE	0.0	204.0	22.1767906609
YV-CAK	0.0	161.0	23.9358232509
YV-CHA	0.0	29.0	16.8666666667
YV-CHO	0.0	51.0	20.2121212121
YV-CHS	0.0	149.0	21.7840474621
YV-CID	0.0	154.0	22.3406534547
YV-CLD	0.0	65.0	18.4262910798
YV-CLE	0.0	148.0	24.3548716205
YV-CLT	0.0	203.0	27.7863397295
YV-CMH	0.0	76.0	21.9244288225
YV-COD	0.0	198.0	22.601455869
YV-COS	0.0	146.0	21.8064937895
YV-CPR	0.0	184.0	20.0977517107
YV-CRW	0.0	36.0	22.037037037
YV-CVG	0.0	36.0	25.3
YV-CWA	0.0	118.0	19.5975794251
YV-DAB	0.0	65.0	18.1108597285
YV-DAY	5.0	60.0	24.2394366197
YV-DCA	0.0	48.0	21.8480392157
YV-DEN	0.0	154.0	20.1811495944
YV-DFW	0.0	139.0	25.620467365
YV-DRO	0.0	118.0	19.6429346352
YV-DSM	0.0	167.0	22.7684739376
YV-DTW	0.0	177.0	24.9987953881
YV-EGE	0.0	187.0	21.2780258519
YV-ELP	0.0	119.0	23.2850426095
YV-EUG	0.0	95.0	17.5072872591
YV-EWR	0.0	202.0	29.6613909942
YV-FAT	0.0	128.0	18.7289388117
YV-FAY	10.0	78.0	24.0303030303
YV-FCA	0.0	33.0	16.5333333333
YV-FLG	0.0	210.0	19.6065816232
YV-FSD	0.0	187.0	20.921065145
YV-FWA	0.0	199.0	21.2259933775
YV-GCC	8.0	123.0	22.2119883041
YV-GEG	0.0	77.0	18.1854636591
YV-GJT	0.0	148.0	19.9639243291
YV-GNV	7.0	36.0	20.8620689655
YV-GRB	0.0	150.0	19.8799833887
YV-GRR	0.0	171.0	23.0820610687
YV-GSO	0.0	149.0	23.2284255019
YV-GSP	0.0	217.0	23.0836380983
YV-GUC	0.0	97.0	18.6378277154
YV-HDN	0.0	94.0	21.9750260146
YV-HNL	0.0	76.0	16.0440156344
YV-HSV	0.0	128.0	21.3916866507
YV-IAD	0.0	223.0	25.215511831
YV-IAH	0.0	190.0	25.5885617389
YV-ICT	0.0	138.0	23.0392706872
YV-ILM	0.0	144.0	20.2161033042
YV-IND	0.0	80.0	22.3305322129
YV-ITO	0.0	54.0	14.0210476341
YV-JAC	0.0	101.0	21.7618490345
YV-JAN	0.0	29.0	18.652173913
YV-JAX	0.0	102.0	20.0722569135
YV-JFK	0.0	206.0	34.033116747
YV-KOA	0.0	103.0	14.4898126624
YV-LAN	0.0	221.0	22.284886313
YV-LAS	0.0	147.0	24.3592306912
YV-LAX	0.0	90.0	21.3600587372
YV-LEX	0.0	41.0	19.312039312
YV-LGA	0.0	211.0	31.1125059214
YV-LGB	0.0	144.0	23.5942960434
YV-LIH	0.0	42.0	13.808598351
YV-LIT	0.0	57.0	20.6262626263
YV-LNK	0.0	248.0	21.2795497186
YV-MBS	0.0	145.0	21.302705462
YV-MCI	0.0	147.0	22.1424488899
YV-MDT	0.0	166.0	20.6552919708
YV-MDW	0.0	174.0	25.6282051282
YV-MEM	0.0	128.0	24.3958088852
YV-MFR	0.0	82.0	17.5903207653
YV-MGM	0.0	53.0	17.0598290598
YV-MHT	0.0	206.0	22.441815548
YV-MKE	0.0	98.0	25.4478371501
YV-MLI	0.0	116.0	21.645
YV-MOB	0.0	38.0	19.1530864198
YV-MRY	0.0	79.0	19.2178624813
YV-MSN	0.0	212.0	23.7759127151
YV-MSP	0.0	161.0	28.5477792732
YV-MSY	0.0	157.0	21.0875
YV-MTJ	0.0	83.0	20.5510291595
YV-MYR	0.0	157.0	19.2375172414
YV-OAJ	0.0	38.0	15.9615384615
YV-OAK	0.0	96.0	19.9097616345
YV-OGG	0.0	53.0	14.0789341378
YV-OKC	0.0	248.0	22.7626105044
YV-OMA	0.0	76.0	21.288941736
YV-ONT	0.0	70.0	20.0298284862
YV-ORD	0.0	248.0	23.6656652253
YV-ORF	0.0	183.0	21.1043640317
YV-PDX	0.0	44.0	18.3913043478
YV-PHF	0.0	54.0	18.0165745856
YV-PHL	0.0	181.0	29.8204599057
YV-PHX	0.0	229.0	24.0735715539
YV-PIT	0.0	192.0	25.0183447099
YV-PNS	0.0	141.0	19.5422453704
YV-PSP	0.0	96.0	21.075124139
YV-PVD	0.0	130.0	21.1212781409
YV-PWM	0.0	178.0	21.7757225434
YV-RAP	0.0	116.0	19.2331670823
YV-RDU	0.0	183.0	23.6666222518
YV-RIC	0.0	137.0	23.1863605672
YV-RKS	8.0	81.0	21.4708097928
YV-RNO	0.0	86.0	19.8051118211
YV-ROA	0.0	128.0	21.7161266568
YV-ROC	0.0	133.0	21.6445126108
YV-SAN	0.0	150.0	24.5217158177
YV-SAT	0.0	111.0	23.1288797533
YV-SAV	0.0	151.0	21.4840176715
YV-SBA	0.0	118.0	19.4975903614
YV-SBN	0.0	247.0	21.2614896989
YV-SBP	0.0	92.0	19.056558683
YV-SDF	0.0	118.0	27.142162819
YV-SEA	0.0	62.0	22.5238938053
YV-SFO	0.0	64.0	22.9510638298
YV-SJC	0.0	82.0	25.4921316166
YV-SLC	0.0	141.0	21.3578258681
YV-SMF	0.0	80.0	22.9825834543
YV-SNA	0.0	72.0	21.5783256292
YV-SPI	0.0	129.0	22.7838684417
YV-SRQ	0.0	87.0	19.878330373
YV-STL	0.0	111.0	22.300793377
YV-SYR	0.0	154.0	23.5501113586
YV-TEX	0.0	125.0	20.8426791277
YV-TLH	0.0	116.0	23.5161290323
YV-TRI	0.0	54.0	21.0571428571
YV-TUS	0.0	128.0	22.0534979424
YV-TVC	0.0	101.0	22.0644549763
YV-TYS	0.0	100.0	22.3745318352
YV-XNA	0.0	29.0	19.0909090909
YV-YUM	0.0	104.0	21.5096830986
